    7   24   30    1    7     /NITROGEN           /GCR PROJECT      
--------------------------------------------------------------------------------
   7.69897   8.00000   8.30103   8.69897   9.00000   9.30103   9.69897  10.00000
  10.30103  10.69897  11.00000  11.30103  11.69897  12.00000  12.30103  12.69897
  13.00000  13.30103  13.69897  14.00000  14.30103  14.69897  15.00000  15.30103
  -0.69877  -0.52268  -0.30083  -0.15470   0.00020   0.17629   0.30123   0.47732
   0.69917   0.84530   1.00020   1.17629   1.30123   1.47732   1.69917   1.84530
   2.00020   2.17629   2.30123   2.47732   2.69917   2.84530   3.00020   3.17629
   3.30123   3.47732   3.69917   3.84530   4.00020   4.17629
---------------------/ IGRD= 1  / IPRT= 0  /--------/ Z1= 1   / DATE= 18/07/15
 -34.54030 -34.77690 -35.04157 -35.41540 -35.70709 -36.00285 -36.40000 -36.70248
 -37.00323 -37.40134 -37.70283 -38.00236 -38.39668 -38.69392 -38.98975 -39.38187
 -39.68052 -39.98112 -40.38492 -40.69520 -41.00766 -41.42386 -41.74035 -42.05705
 -31.95415 -32.19328 -32.45801 -32.83368 -33.12806 -33.42421 -33.81892 -34.11787
 -34.41394 -34.80806 -35.11095 -35.41742 -35.83201 -36.15200 -36.47362 -36.89629
 -37.20796 -37.50595 -37.87225 -38.12787 -38.36764 -38.66707 -38.88375 -39.09207
 -29.88756 -30.12933 -30.39673 -30.77243 -31.06555 -31.36297 -31.76094 -32.06453
 -32.36738 -32.75118 -33.01369 -33.23857 -33.46446 -33.58392 -33.66859 -33.74228
 -33.77700 -33.79801 -33.81200 -33.81696 -33.82064 -33.83172 -33.84509 -33.85906
 -29.02024 -29.26319 -29.52919 -29.89706 -30.17210 -30.42769 -30.70596 -30.85987
 -30.96812 -31.05840 -31.09958 -31.12532 -31.14358 -31.14962 -31.15137 -31.15060
 -31.14965 -31.14974 -31.15395 -31.16130 -31.17380 -31.20912 -31.24795 -31.28834
 -28.35334 -28.55937 -28.75319 -28.95818 -29.06587 -29.13802 -29.19384 -29.21599
 -29.22686 -29.23100 -29.23003 -29.22788 -29.22560 -29.22494 -29.22509 -29.22747
 -29.23124 -29.23717 -29.25273 -29.27123 -29.29687 -29.36138 -29.43054 -29.50235
 -27.59921 -27.68174 -27.73838 -27.78046 -27.79576 -27.80276 -27.80565 -27.80609
 -27.80653 -27.80734 -27.80813 -27.80904 -27.80984 -27.81032 -27.81141 -27.81547
 -27.82369 -27.84006 -27.87742 -27.91758 -27.97020 -28.08497 -28.20110 -28.32100
 -27.05004 -27.08020 -27.09794 -27.10941 -27.11348 -27.11609 -27.11815 -27.11895
 -27.11937 -27.11934 -27.11913 -27.11913 -27.11956 -27.12045 -27.12250 -27.13046
 -27.14553 -27.17340 -27.23145 -27.29022 -27.36398 -27.51404 -27.66152 -27.81336
 -26.40872 -26.41457 -26.41792 -26.42044 -26.42147 -26.42180 -26.42174 -26.42166
 -26.42168 -26.42181 -26.42191 -26.42209 -26.42323 -26.42520 -26.42907 -26.44423
 -26.46930 -26.51034 -26.59201 -26.67336 -26.77305 -26.96285 -27.14312 -27.32802
 -25.83778 -25.83851 -25.83897 -25.83917 -25.83922 -25.83941 -25.83960 -25.83965
 -25.83970 -25.83965 -25.83983 -25.84065 -25.84246 -25.84539 -25.85193 -25.87269
 -25.90466 -25.95636 -26.05450 -26.15196 -26.27474 -26.49901 -26.70507 -26.91587
 -25.56542 -25.56561 -25.56571 -25.56569 -25.56564 -25.56565 -25.56557 -25.56560
 -25.56590 -25.56584 -25.56589 -25.56697 -25.56915 -25.57248 -25.57997 -25.60180
 -25.63486 -25.68916 -25.79304 -25.89787 -26.03183 -26.27205 -26.48934 -26.71134
 -25.34712 -25.34715 -25.34714 -25.34723 -25.34731 -25.34727 -25.34713 -25.34724
 -25.34767 -25.34791 -25.34808 -25.34908 -25.35172 -25.35548 -25.36274 -25.38534
 -25.41968 -25.47487 -25.58291 -25.69387 -25.83497 -26.08591 -26.31210 -26.54317
 -25.17517 -25.17517 -25.17522 -25.17528 -25.17528 -25.17527 -25.17525 -25.17528
 -25.17541 -25.17567 -25.17607 -25.17696 -25.17966 -25.18382 -25.19156 -25.21486
 -25.24935 -25.30425 -25.41403 -25.52898 -25.67579 -25.93330 -26.16299 -26.39738
 -25.08835 -25.08840 -25.08845 -25.08841 -25.08837 -25.08841 -25.08835 -25.08841
 -25.08886 -25.08929 -25.08959 -25.09051 -25.09327 -25.09759 -25.10575 -25.12894
 -25.16302 -25.21804 -25.32856 -25.44459 -25.59321 -25.85240 -26.08248 -26.31712
 -25.00406 -25.00410 -25.00410 -25.00409 -25.00410 -25.00409 -25.00408 -25.00411
 -25.00423 -25.00463 -25.00491 -25.00517 -25.00811 -25.01286 -25.02013 -25.04250
 -25.07638 -25.13043 -25.24029 -25.35675 -25.50598 -25.76622 -25.99725 -26.23287
 -24.94536 -24.94536 -24.94537 -24.94538 -24.94538 -24.94538 -24.94537 -24.94539
 -24.94546 -24.94516 -24.94508 -24.94603 -24.94938 -24.95354 -24.96009 -24.98137
 -25.01379 -25.06536 -25.17206 -25.28661 -25.43388 -25.69208 -25.92206 -26.15670
 -24.92695 -24.92695 -24.92696 -24.92697 -24.92697 -24.92696 -24.92699 -24.92698
 -24.92690 -24.92750 -24.92876 -24.93039 -24.93179 -24.93465 -24.94298 -24.96403
 -24.99339 -25.04261 -25.14655 -25.25858 -25.40306 -25.65743 -25.88450 -26.11623
 -24.92392 -24.92393 -24.92392 -24.92393 -24.92394 -24.92391 -24.92399 -24.92394
 -24.92370 -24.92501 -24.92678 -24.92770 -24.92891 -24.93210 -24.93942 -24.95715
 -24.98371 -25.03097 -25.13157 -25.24028 -25.38165 -25.63141 -25.85444 -26.08207
 -24.93426 -24.93428 -24.93428 -24.93427 -24.93427 -24.93428 -24.93427 -24.93429
 -24.93436 -24.93405 -24.93406 -24.93516 -24.93737 -24.94021 -24.94598 -24.96283
 -24.98834 -25.03128 -25.12499 -25.22932 -25.36657 -25.61008 -25.82771 -26.04987
 -24.94504 -24.94505 -24.94506 -24.94505 -24.94504 -24.94504 -24.94506 -24.94507
 -24.94506 -24.94516 -24.94528 -24.94532 -24.94601 -24.94851 -24.95461 -24.97154
 -24.99572 -25.03569 -25.12493 -25.22591 -25.35931 -25.59762 -25.81150 -26.02994
 -24.95934 -24.95935 -24.95935 -24.95935 -24.95936 -24.95938 -24.95930 -24.95936
 -24.95960 -24.95855 -24.95925 -24.96403 -24.96513 -24.96434 -24.97099 -24.98391
 -25.00240 -25.04149 -25.12806 -25.22314 -25.35019 -25.58216 -25.79280 -26.00822
 -24.97735 -24.97735 -24.97735 -24.97735 -24.97738 -24.97743 -24.97721 -24.97734
 -24.97796 -24.97521 -24.97671 -24.98827 -24.99022 -24.98491 -24.99225 -24.99961
 -25.01045 -25.04882 -25.13242 -25.21992 -25.33887 -25.56300 -25.76981 -25.98171
 -24.98927 -24.98927 -24.98927 -24.98927 -24.98931 -24.98937 -24.98907 -24.98926
 -24.99012 -24.98625 -24.98827 -25.00430 -25.00682 -24.99853 -25.00634 -25.01003
 -25.01581 -25.05370 -25.13533 -25.21783 -25.33144 -25.55042 -25.75472 -25.96429
 -25.00195 -25.00196 -25.00195 -25.00195 -25.00200 -25.00208 -25.00168 -25.00194
 -25.00306 -24.99799 -25.00057 -25.02135 -25.02447 -25.01302 -25.02132 -25.02112
 -25.02154 -25.05891 -25.13845 -25.21563 -25.32359 -25.53710 -25.73874 -25.94585
 -25.01642 -25.01643 -25.01642 -25.01641 -25.01647 -25.01657 -25.01608 -25.01641
 -25.01783 -25.01140 -25.01461 -25.04080 -25.04460 -25.02955 -25.03841 -25.03379
 -25.02810 -25.06488 -25.14202 -25.21317 -25.31468 -25.52199 -25.72061 -25.92491
 -25.02671 -25.02672 -25.02672 -25.02670 -25.02676 -25.02688 -25.02632 -25.02670
 -25.02833 -25.02093 -25.02460 -25.05462 -25.05891 -25.04132 -25.05058 -25.04281
 -25.03279 -25.06914 -25.14458 -25.21143 -25.30838 -25.51129 -25.70775 -25.91006
 -25.04125 -25.04126 -25.04126 -25.04124 -25.04130 -25.04144 -25.04079 -25.04124
 -25.04317 -25.03441 -25.03872 -25.07415 -25.07912 -25.05793 -25.06776 -25.05557
 -25.03943 -25.07518 -25.14820 -25.20900 -25.29951 -25.49621 -25.68965 -25.88915
 -25.05962 -25.05963 -25.05963 -25.05960 -25.05967 -25.05983 -25.05906 -25.05961
 -25.06191 -25.05144 -25.05654 -25.09880 -25.10464 -25.07892 -25.08946 -25.07170
 -25.04785 -25.08283 -25.15281 -25.20597 -25.28837 -25.47725 -25.66686 -25.86281
 -25.07174 -25.07175 -25.07176 -25.07172 -25.07179 -25.07197 -25.07112 -25.07174
 -25.07428 -25.06268 -25.06831 -25.11506 -25.12147 -25.09277 -25.10378 -25.08235
 -25.05343 -25.08790 -25.15586 -25.20399 -25.28104 -25.46476 -25.65186 -25.84547
 -25.08461 -25.08462 -25.08463 -25.08458 -25.08466 -25.08486 -25.08393 -25.08461
 -25.08741 -25.07461 -25.08081 -25.13232 -25.13934 -25.10747 -25.11899 -25.09367
 -25.05936 -25.09329 -25.15912 -25.20190 -25.27328 -25.45154 -25.63597 -25.82710
 -25.09926 -25.09927 -25.09928 -25.09922 -25.09930 -25.09952 -25.09850 -25.09926
 -25.10235 -25.08819 -25.09503 -25.15195 -25.15966 -25.12421 -25.13629 -25.10656
 -25.06613 -25.09945 -25.16283 -25.19954 -25.26447 -25.43651 -25.61790 -25.80621
---------------------/ IGRD= 1  / IPRT= 0  /--------/ Z1= 2   / DATE= 18/07/15
 -33.08501 -33.38630 -33.68772 -34.08548 -34.38583 -34.68685 -35.08518 -35.38631
 -35.68855 -36.08891 -36.39139 -36.69428 -37.09357 -37.39339 -37.69206 -38.08438
 -38.37899 -38.67354 -39.06246 -39.35585 -39.65019 -40.04037 -40.33598 -40.63388
 -31.66197 -31.96021 -32.25813 -32.64781 -32.93624 -33.21643 -33.57095 -33.83173
 -34.09546 -34.45708 -34.74061 -35.03062 -35.42165 -35.72274 -36.02819 -36.43721
 -36.74900 -37.06167 -37.47653 -37.79207 -38.10854 -38.52750 -38.84298 -39.15348
 -30.21664 -30.42315 -30.59725 -30.76390 -30.85051 -30.92123 -31.02811 -31.14538
 -31.30757 -31.59077 -31.84589 -32.12204 -32.50288 -32.79501 -33.08657 -33.46448
 -33.73649 -33.98505 -34.25316 -34.39896 -34.49943 -34.59003 -34.65129 -34.72701
 -29.24908 -29.36597 -29.45206 -29.52448 -29.56350 -29.60270 -29.67904 -29.77513
 -29.91975 -30.18256 -30.42111 -30.67965 -31.02173 -31.25749 -31.45919 -31.65491
 -31.74808 -31.80370 -31.84174 -31.85717 -31.86942 -31.89065 -31.91940 -31.97002
 -28.40524 -28.47229 -28.51958 -28.55852 -28.58127 -28.60848 -28.66878 -28.74739
 -28.86622 -29.08018 -29.26366 -29.43713 -29.61444 -29.70063 -29.75305 -29.78945
 -29.80313 -29.81105 -29.81693 -29.82001 -29.82482 -29.83907 -29.86184 -29.90321
 -27.66155 -27.69800 -27.72467 -27.74660 -27.75861 -27.77420 -27.80959 -27.85468
 -27.92155 -28.02788 -28.10207 -28.15900 -28.20658 -28.22622 -28.23644 -28.24161
 -28.24280 -28.24350 -28.24491 -28.24696 -28.25090 -28.26179 -28.27869 -28.31001
 -27.19486 -27.21341 -27.22699 -27.23917 -27.24678 -27.25621 -27.27594 -27.29989
 -27.33384 -27.38297 -27.41336 -27.43438 -27.44989 -27.45550 -27.45851 -27.46062
 -27.46153 -27.46218 -27.46325 -27.46484 -27.46772 -27.47636 -27.49050 -27.51641
 -26.57742 -26.58496 -26.59015 -26.59446 -26.59721 -26.60028 -26.60665 -26.61454
 -26.62516 -26.63997 -26.64885 -26.65460 -26.65855 -26.66014 -26.66105 -26.66168
 -26.66193 -26.66206 -26.66268 -26.66409 -26.66671 -26.67366 -26.68463 -26.70564
 -25.92784 -25.92970 -25.93104 -25.93218 -25.93311 -25.93443 -25.93759 -25.94149
 -25.94634 -25.95272 -25.95639 -25.95876 -25.96033 -25.96083 -25.96114 -25.96140
 -25.96141 -25.96129 -25.96195 -25.96389 -25.96734 -25.97713 -25.99123 -26.01293
 -25.60162 -25.60223 -25.60271 -25.60333 -25.60405 -25.60531 -25.60837 -25.61208
 -25.61671 -25.62271 -25.62605 -25.62819 -25.62964 -25.63014 -25.63047 -25.63060
 -25.63063 -25.63133 -25.63331 -25.63578 -25.64031 -25.65280 -25.67000 -25.69617
 -25.34159 -25.34181 -25.34201 -25.34249 -25.34319 -25.34448 -25.34765 -25.35147
 -25.35619 -25.36220 -25.36544 -25.36751 -25.36889 -25.36938 -25.36995 -25.37055
 -25.37075 -25.37147 -25.37379 -25.37730 -25.38398 -25.40049 -25.42118 -25.45150
 -25.13823 -25.13841 -25.13868 -25.13922 -25.13984 -25.14114 -25.14439 -25.14810
 -25.15255 -25.15805 -25.16096 -25.16276 -25.16405 -25.16459 -25.16482 -25.16533
 -25.16619 -25.16693 -25.16922 -25.17395 -25.18267 -25.20271 -25.22663 -25.26081
 -25.04188 -25.04207 -25.04238 -25.04293 -25.04352 -25.04479 -25.04791 -25.05136
 -25.05537 -25.06016 -25.06262 -25.06413 -25.06515 -25.06555 -25.06582 -25.06608
 -25.06643 -25.06753 -25.07075 -25.07573 -25.08520 -25.10700 -25.13243 -25.16843
 -24.95454 -24.95479 -24.95504 -24.95552 -24.95617 -24.95729 -24.95990 -24.96277
 -24.96593 -24.96948 -24.97122 -24.97225 -24.97294 -24.97322 -24.97328 -24.97408
 -24.97551 -24.97645 -24.97883 -24.98406 -24.99349 -25.01622 -25.04418 -25.08264
 -24.90471 -24.90498 -24.90521 -24.90559 -24.90609 -24.90695 -24.90886 -24.91080
 -24.91280 -24.91487 -24.91583 -24.91638 -24.91674 -24.91686 -24.91690 -24.91696
 -24.91735 -24.91866 -24.92161 -24.92595 -24.93603 -24.96056 -24.98849 -25.02703
 -24.89236 -24.89259 -24.89277 -24.89308 -24.89351 -24.89416 -24.89552 -24.89688
 -24.89823 -24.89957 -24.90019 -24.90054 -24.90073 -24.90079 -24.90085 -24.90082
 -24.90099 -24.90224 -24.90623 -24.91210 -24.92278 -24.94558 -24.97163 -25.01081
 -24.89270 -24.89296 -24.89313 -24.89334 -24.89362 -24.89407 -24.89499 -24.89588
 -24.89674 -24.89756 -24.89792 -24.89813 -24.89821 -24.89816 -24.89820 -24.89811
 -24.89805 -24.89909 -24.90353 -24.90969 -24.91834 -24.93906 -24.96670 -25.00641
 -24.90139 -24.90161 -24.90174 -24.90187 -24.90204 -24.90232 -24.90289 -24.90342
 -24.90390 -24.90443 -24.90466 -24.90445 -24.90535 -24.90743 -24.90823 -24.90794
 -24.90800 -24.90744 -24.90975 -24.91643 -24.92526 -24.94485 -24.97149 -25.01094
 -24.91464 -24.91478 -24.91487 -24.91497 -24.91510 -24.91529 -24.91568 -24.91604
 -24.91637 -24.91674 -24.91689 -24.91676 -24.91734 -24.91867 -24.91920 -24.91896
 -24.91904 -24.91929 -24.92172 -24.92696 -24.93597 -24.95623 -24.98138 -25.01946
 -24.94014 -24.94023 -24.94029 -24.94036 -24.94043 -24.94055 -24.94080 -24.94100
 -24.94120 -24.94138 -24.94145 -24.94154 -24.94146 -24.94123 -24.94129 -24.94098
 -24.94056 -24.94216 -24.94660 -24.95090 -24.95831 -24.97727 -25.00196 -25.03857
 -24.97990 -24.98002 -24.98009 -24.98012 -24.98017 -24.98023 -24.98035 -24.98047
 -24.98058 -24.98068 -24.98072 -24.98071 -24.98081 -24.98086 -24.98044 -24.98149
 -24.98415 -24.98513 -24.98502 -24.98748 -24.99453 -25.01337 -25.03691 -25.07144
 -25.01206 -25.01212 -25.01216 -25.01220 -25.01223 -25.01228 -25.01236 -25.01243
 -25.01250 -25.01256 -25.01258 -25.01261 -25.01259 -25.01258 -25.01279 -25.01310
 -25.01320 -25.01370 -25.01546 -25.01845 -25.02467 -25.04136 -25.06342 -25.09652
 -25.04572 -25.04578 -25.04582 -25.04586 -25.04588 -25.04591 -25.04595 -25.04600
 -25.04604 -25.04608 -25.04610 -25.04612 -25.04609 -25.04606 -25.04635 -25.04658
 -25.04641 -25.04686 -25.04873 -25.05150 -25.05705 -25.07210 -25.09247 -25.12378
 -25.08348 -25.08356 -25.08361 -25.08363 -25.08365 -25.08366 -25.08368 -25.08371
 -25.08374 -25.08376 -25.08378 -25.08378 -25.08378 -25.08376 -25.08377 -25.08438
 -25.08536 -25.08597 -25.08662 -25.08851 -25.09353 -25.10734 -25.12575 -25.15487
 -25.11025 -25.11035 -25.11039 -25.11042 -25.11044 -25.11044 -25.11043 -25.11046
 -25.11049 -25.11051 -25.11052 -25.11051 -25.11053 -25.11052 -25.11032 -25.11121
 -25.11301 -25.11373 -25.11352 -25.11478 -25.11942 -25.13236 -25.14939 -25.17694
 -25.14796 -25.14808 -25.14813 -25.14815 -25.14817 -25.14816 -25.14814 -25.14816
 -25.14818 -25.14820 -25.14820 -25.14818 -25.14824 -25.14823 -25.14776 -25.14902
 -25.15198 -25.15288 -25.15144 -25.15180 -25.15591 -25.16764 -25.18271 -25.20807
 -25.19545 -25.19558 -25.19564 -25.19566 -25.19568 -25.19565 -25.19562 -25.19565
 -25.19566 -25.19567 -25.19568 -25.19564 -25.19574 -25.19574 -25.19491 -25.19665
 -25.20108 -25.20220 -25.19922 -25.19842 -25.20187 -25.21210 -25.22471 -25.24730
 -25.22672 -25.22686 -25.22692 -25.22693 -25.22695 -25.22692 -25.22688 -25.22691
 -25.22693 -25.22694 -25.22694 -25.22689 -25.22702 -25.22703 -25.22596 -25.22801
 -25.23343 -25.23470 -25.23069 -25.22912 -25.23214 -25.24139 -25.25237 -25.27314
 -25.25985 -25.26000 -25.26006 -25.26008 -25.26009 -25.26006 -25.26001 -25.26004
 -25.26006 -25.26007 -25.26008 -25.26001 -25.26018 -25.26019 -25.25887 -25.26125
 -25.26770 -25.26914 -25.26404 -25.26165 -25.26422 -25.27244 -25.28169 -25.30054
 -25.29750 -25.29766 -25.29773 -25.29774 -25.29776 -25.29772 -25.29767 -25.29770
 -25.29771 -25.29772 -25.29773 -25.29765 -25.29786 -25.29787 -25.29626 -25.29903
 -25.30666 -25.30829 -25.30195 -25.29862 -25.30067 -25.30773 -25.31502 -25.33167
---------------------/ IGRD= 1  / IPRT= 0  /--------/ Z1= 3   / DATE= 18/07/15
 -37.94375 -37.94696 -37.95102 -37.95945 -37.97567 -38.00841 -38.09257 -38.20764
 -38.37559 -38.67207 -38.93636 -39.21809 -39.59799 -39.89615 -40.19284 -40.55422
 -40.83111 -41.14340 -41.66266 -42.19098 -42.83939 -43.80539 -44.52731 -45.17518
 -35.11651 -35.11899 -35.12227 -35.12956 -35.14396 -35.17308 -35.24810 -35.35149
 -35.50505 -35.78376 -36.03735 -36.31253 -36.69124 -36.98769 -37.28572 -37.66673
 -37.95716 -38.26216 -38.70492 -39.08997 -39.51781 -40.11415 -40.54663 -40.93614
 -31.61701 -31.61860 -31.62093 -31.62679 -31.63887 -31.66339 -31.72680 -31.81547
 -31.95101 -32.20742 -32.44760 -32.71428 -33.08982 -33.38141 -33.67460 -34.05917
 -34.33819 -34.59320 -34.86952 -35.02025 -35.12799 -35.23471 -35.31326 -35.41136
 -29.89294 -29.89417 -29.89609 -29.90115 -29.91160 -29.93270 -29.98769 -30.06686
 -30.19106 -30.43187 -30.66104 -30.91489 -31.26058 -31.50913 -31.72663 -31.94334
 -32.05264 -32.12474 -32.18305 -32.21005 -32.23026 -32.26038 -32.29933 -32.36680
 -28.63621 -28.63699 -28.63844 -28.64272 -28.65164 -28.66950 -28.71623 -28.78510
 -28.89320 -29.09846 -29.28707 -29.47819 -29.68968 -29.80339 -29.87899 -29.93428
 -29.95498 -29.96496 -29.96918 -29.97182 -29.97843 -29.99947 -30.03312 -30.09333
 -27.61723 -27.61879 -27.62013 -27.62194 -27.62701 -27.63926 -27.67368 -27.72201
 -27.79454 -27.92228 -28.02094 -28.10256 -28.17191 -28.20026 -28.21551 -28.22585
 -28.22917 -28.23081 -28.23400 -28.23741 -28.24331 -28.26066 -28.28652 -28.33311
 -27.05771 -27.05823 -27.05907 -27.06133 -27.06576 -27.07451 -27.09690 -27.12801
 -27.17301 -27.24555 -27.29515 -27.33216 -27.36045 -27.37129 -27.37720 -27.38143
 -27.38279 -27.38347 -27.38521 -27.38750 -27.39191 -27.40531 -27.42613 -27.46403
 -26.41156 -26.41152 -26.41192 -26.41372 -26.41663 -26.42157 -26.43333 -26.44932
 -26.47109 -26.50207 -26.52120 -26.53440 -26.54423 -26.54787 -26.54966 -26.55067
 -26.55099 -26.55148 -26.55306 -26.55472 -26.55756 -26.56632 -26.58018 -26.60619
 -25.80138 -25.80144 -25.80178 -25.80307 -25.80500 -25.80835 -25.81661 -25.82699
 -25.84065 -25.85907 -25.86956 -25.87626 -25.88131 -25.88308 -25.88380 -25.88433
 -25.88446 -25.88449 -25.88499 -25.88585 -25.88779 -25.89385 -25.90209 -25.91680
 -25.51015 -25.51034 -25.51073 -25.51191 -25.51362 -25.51668 -25.52451 -25.53418
 -25.54651 -25.56245 -25.57135 -25.57697 -25.58108 -25.58252 -25.58316 -25.58363
 -25.58372 -25.58370 -25.58394 -25.58451 -25.58560 -25.58862 -25.59394 -25.60406
 -25.27942 -25.27956 -25.27990 -25.28102 -25.28263 -25.28542 -25.29242 -25.30092
 -25.31152 -25.32506 -25.33248 -25.33711 -25.34042 -25.34161 -25.34217 -25.34250
 -25.34268 -25.34284 -25.34297 -25.34318 -25.34354 -25.34453 -25.34717 -25.35261
 -25.09308 -25.09323 -25.09350 -25.09429 -25.09550 -25.09771 -25.10334 -25.11017
 -25.11857 -25.12906 -25.13476 -25.13837 -25.14086 -25.14174 -25.14218 -25.14246
 -25.14255 -25.14259 -25.14268 -25.14261 -25.14252 -25.14278 -25.14310 -25.14383
 -24.99989 -25.00001 -25.00022 -25.00088 -25.00189 -25.00372 -25.00828 -25.01386
 -25.02075 -25.02928 -25.03388 -25.03680 -25.03882 -25.03954 -25.03989 -25.04009
 -25.04016 -25.04018 -25.04020 -25.04048 -25.04057 -25.03923 -25.03758 -25.03580
 -24.90964 -24.90970 -24.90984 -24.91032 -24.91110 -24.91250 -24.91587 -24.91996
 -24.92491 -24.93097 -24.93420 -24.93626 -24.93784 -24.93837 -24.93853 -24.93866
 -24.93871 -24.93875 -24.93883 -24.93866 -24.93794 -24.93562 -24.93293 -24.92937
 -24.84582 -24.84587 -24.84596 -24.84624 -24.84673 -24.84767 -24.84996 -24.85264
 -24.85578 -24.85949 -24.86156 -24.86294 -24.86359 -24.86386 -24.86417 -24.86434
 -24.86423 -24.86424 -24.86464 -24.86354 -24.86159 -24.86010 -24.85754 -24.85213
 -24.82394 -24.82399 -24.82405 -24.82427 -24.82464 -24.82536 -24.82706 -24.82903
 -24.83133 -24.83411 -24.83558 -24.83645 -24.83699 -24.83719 -24.83730 -24.83733
 -24.83747 -24.83758 -24.83734 -24.83753 -24.83736 -24.83431 -24.83038 -24.82482
 -24.81707 -24.81710 -24.81715 -24.81732 -24.81760 -24.81812 -24.81937 -24.82079
 -24.82242 -24.82443 -24.82542 -24.82596 -24.82639 -24.82652 -24.82655 -24.82659
 -24.82655 -24.82664 -24.82721 -24.82688 -24.82564 -24.82319 -24.82004 -24.81430
 -24.82387 -24.82388 -24.82392 -24.82404 -24.82425 -24.82462 -24.82551 -24.82652
 -24.82766 -24.82894 -24.82961 -24.83005 -24.83032 -24.83043 -24.83045 -24.83040
 -24.83070 -24.83061 -24.82843 -24.82758 -24.82773 -24.82656 -24.82329 -24.81720
 -24.83317 -24.83318 -24.83321 -24.83331 -24.83347 -24.83377 -24.83448 -24.83528
 -24.83618 -24.83722 -24.83775 -24.83807 -24.83828 -24.83836 -24.83838 -24.83835
 -24.83855 -24.83849 -24.83721 -24.83730 -24.83803 -24.83645 -24.83244 -24.82611
 -24.85604 -24.85605 -24.85608 -24.85615 -24.85628 -24.85650 -24.85704 -24.85764
 -24.85832 -24.85913 -24.85952 -24.85974 -24.85990 -24.85995 -24.85998 -24.86003
 -24.85990 -24.85996 -24.86073 -24.85979 -24.85825 -24.85845 -24.85572 -24.84907
 -24.89489 -24.89489 -24.89491 -24.89496 -24.89505 -24.89522 -24.89562 -24.89608
 -24.89661 -24.89720 -24.89751 -24.89770 -24.89784 -24.89788 -24.89790 -24.89791
 -24.89793 -24.89794 -24.89790 -24.89803 -24.89784 -24.89590 -24.89348 -24.88960
 -24.92778 -24.92779 -24.92780 -24.92785 -24.92792 -24.92806 -24.92840 -24.92878
 -24.92923 -24.92977 -24.93005 -24.93022 -24.93034 -24.93037 -24.93040 -24.93044
 -24.93037 -24.93040 -24.93070 -24.92954 -24.92783 -24.92754 -24.92616 -24.92168
 -24.96347 -24.96348 -24.96349 -24.96353 -24.96360 -24.96371 -24.96400 -24.96434
 -24.96473 -24.96522 -24.96548 -24.96564 -24.96574 -24.96577 -24.96580 -24.96582
 -24.96580 -24.96582 -24.96599 -24.96563 -24.96457 -24.96252 -24.96129 -24.95834
 -25.00334 -25.00335 -25.00336 -25.00339 -25.00344 -25.00353 -25.00378 -25.00407
 -25.00443 -25.00488 -25.00512 -25.00527 -25.00537 -25.00541 -25.00543 -25.00543
 -25.00549 -25.00548 -25.00514 -25.00507 -25.00492 -25.00358 -25.00208 -24.99957
 -25.03282 -25.03283 -25.03284 -25.03287 -25.03291 -25.03300 -25.03322 -25.03349
 -25.03382 -25.03425 -25.03448 -25.03463 -25.03473 -25.03477 -25.03479 -25.03480
 -25.03481 -25.03482 -25.03468 -25.03426 -25.03374 -25.03324 -25.03182 -25.02877
 -25.07483 -25.07483 -25.07484 -25.07487 -25.07491 -25.07499 -25.07518 -25.07541
 -25.07572 -25.07611 -25.07634 -25.07648 -25.07659 -25.07662 -25.07664 -25.07667
 -25.07661 -25.07663 -25.07711 -25.07711 -25.07644 -25.07476 -25.07323 -25.07020
 -25.12776 -25.12776 -25.12777 -25.12780 -25.12784 -25.12790 -25.12806 -25.12827
 -25.12853 -25.12889 -25.12910 -25.12925 -25.12935 -25.12938 -25.12940 -25.12945
 -25.12929 -25.12935 -25.13061 -25.13117 -25.13033 -25.12708 -25.12540 -25.12243
 -25.16262 -25.16262 -25.16263 -25.16266 -25.16270 -25.16276 -25.16290 -25.16308
 -25.16333 -25.16367 -25.16387 -25.16401 -25.16412 -25.16414 -25.16416 -25.16422
 -25.16400 -25.16408 -25.16586 -25.16679 -25.16584 -25.16155 -25.15978 -25.15686
 -25.19957 -25.19957 -25.19958 -25.19962 -25.19965 -25.19971 -25.19983 -25.20000
 -25.20022 -25.20053 -25.20073 -25.20086 -25.20097 -25.20099 -25.20101 -25.20109
 -25.20080 -25.20090 -25.20323 -25.20456 -25.20349 -25.19810 -25.19623 -25.19336
 -25.24158 -25.24158 -25.24159 -25.24162 -25.24166 -25.24171 -25.24182 -25.24196
 -25.24216 -25.24245 -25.24264 -25.24277 -25.24287 -25.24288 -25.24291 -25.24301
 -25.24264 -25.24277 -25.24572 -25.24750 -25.24629 -25.23966 -25.23767 -25.23486
---------------------/ IGRD= 1  / IPRT= 0  /--------/ Z1= 4   / DATE= 18/07/15
 -35.49912 -35.50141 -35.50385 -35.51501 -35.54346 -35.60176 -35.74038 -35.89982
 -36.11276 -36.46568 -36.75996 -37.06603 -37.47223 -37.76908 -38.07119 -38.53672
 -39.01472 -39.69441 -40.93462 -42.01385 -43.06264 -44.18224 -44.72167 -45.03775
 -33.71857 -33.72055 -33.72278 -33.73246 -33.75637 -33.80498 -33.92210 -34.06097
 -34.25182 -34.57762 -34.85664 -35.15146 -35.54899 -35.84512 -36.14559 -36.58722
 -37.00512 -37.55718 -38.51191 -39.32095 -40.09381 -40.88940 -41.25330 -41.46848
 -31.47531 -31.47691 -31.47887 -31.48667 -31.50488 -31.54127 -31.63130 -31.74427
 -31.90727 -32.19892 -32.45870 -32.73934 -33.12593 -33.42111 -33.71943 -34.13073
 -34.47245 -34.86251 -35.45193 -35.90780 -36.30947 -36.68110 -36.84490 -36.95417
 -29.99768 -29.99903 -30.00082 -30.00738 -30.02183 -30.05017 -30.12236 -30.21825
 -30.36290 -30.63200 -30.87902 -31.15013 -31.52895 -31.82255 -32.11757 -32.50340
 -32.78638 -33.05462 -33.37084 -33.56702 -33.71648 -33.84743 -33.91301 -33.96967
 -28.55977 -28.56095 -28.56266 -28.56818 -28.57906 -28.59959 -28.65396 -28.73193
 -28.85591 -29.09752 -29.32759 -29.58249 -29.93265 -30.18994 -30.42267 -30.66928
 -30.80162 -30.88847 -30.95045 -30.97320 -30.98584 -30.99859 -31.01214 -31.03649
 -27.48816 -27.48927 -27.49076 -27.49494 -27.50269 -27.51713 -27.55659 -27.61549
 -27.71081 -27.89887 -28.07699 -28.25958 -28.46631 -28.57846 -28.65187 -28.70270
 -28.71927 -28.72700 -28.73247 -28.73485 -28.73816 -28.74684 -28.75819 -28.77853
 -26.94046 -26.94115 -26.94200 -26.94469 -26.95027 -26.96120 -26.99158 -27.03631
 -27.10692 -27.23811 -27.35037 -27.45096 -27.54495 -27.58587 -27.60950 -27.62507
 -27.62953 -27.63144 -27.63328 -27.63429 -27.63632 -27.64282 -27.65228 -27.66965
 -26.32726 -26.32757 -26.32851 -26.33142 -26.33560 -26.34265 -26.36041 -26.38471
 -26.42093 -26.48185 -26.52613 -26.55992 -26.58571 -26.59557 -26.60077 -26.60423
 -26.60544 -26.60594 -26.60607 -26.60636 -26.60821 -26.61394 -26.62111 -26.63636
 -25.73120 -25.73164 -25.73240 -25.73411 -25.73622 -25.74021 -25.75212 -25.76899
 -25.79191 -25.82419 -25.84448 -25.85805 -25.86758 -25.87138 -25.87343 -25.87461
 -25.87527 -25.87573 -25.87624 -25.87712 -25.87830 -25.88153 -25.88807 -25.90079
 -25.44806 -25.44833 -25.44923 -25.45161 -25.45416 -25.45818 -25.46983 -25.48698
 -25.50998 -25.54008 -25.55830 -25.57031 -25.57846 -25.58172 -25.58345 -25.58444
 -25.58519 -25.58551 -25.58551 -25.58646 -25.58766 -25.59015 -25.59563 -25.60695
 -25.23030 -25.23065 -25.23158 -25.23396 -25.23665 -25.24098 -25.25340 -25.27150
 -25.29542 -25.32540 -25.34268 -25.35409 -25.36230 -25.36543 -25.36706 -25.36792
 -25.36806 -25.36814 -25.36855 -25.36922 -25.37033 -25.37298 -25.37692 -25.38544
 -25.06429 -25.06452 -25.06527 -25.06736 -25.06993 -25.07414 -25.08575 -25.10228
 -25.12400 -25.15121 -25.16699 -25.17742 -25.18458 -25.18722 -25.18858 -25.18943
 -25.18986 -25.19011 -25.19024 -25.19049 -25.19101 -25.19267 -25.19562 -25.20129
 -24.98311 -24.98328 -24.98386 -24.98558 -24.98777 -24.99137 -25.00118 -25.01516
 -25.03376 -25.05754 -25.07125 -25.08045 -25.08709 -25.08924 -25.09034 -25.09136
 -25.09156 -25.09160 -25.09179 -25.09192 -25.09223 -25.09326 -25.09489 -25.09824
 -24.89338 -24.89353 -24.89394 -24.89515 -24.89682 -24.89967 -24.90733 -24.91817
 -24.93288 -24.95263 -24.96424 -24.97189 -24.97736 -24.97963 -24.98080 -24.98127
 -24.98152 -24.98177 -24.98192 -24.98188 -24.98230 -24.98328 -24.98315 -24.98364
 -24.81026 -24.81040 -24.81064 -24.81141 -24.81281 -24.81557 -24.82287 -24.83244
 -24.84493 -24.86161 -24.87139 -24.87789 -24.88279 -24.88492 -24.88635 -24.88745
 -24.88747 -24.88736 -24.88730 -24.88688 -24.88727 -24.88876 -24.88813 -24.88648
 -24.78298 -24.78308 -24.78331 -24.78404 -24.78513 -24.78706 -24.79226 -24.79955
 -24.80950 -24.82337 -24.83233 -24.83874 -24.84292 -24.84383 -24.84520 -24.84821
 -24.84853 -24.84814 -24.84802 -24.84767 -24.84801 -24.84887 -24.84731 -24.84480
 -24.77665 -24.77672 -24.77691 -24.77750 -24.77833 -24.77973 -24.78337 -24.78850
 -24.79561 -24.80578 -24.81239 -24.81717 -24.82042 -24.82111 -24.82222 -24.82474
 -24.82497 -24.82465 -24.82460 -24.82429 -24.82449 -24.82503 -24.82346 -24.82066
 -24.78848 -24.78847 -24.78890 -24.79022 -24.79150 -24.79283 -24.79500 -24.79786
 -24.80211 -24.80857 -24.81247 -24.81530 -24.81795 -24.81873 -24.81889 -24.81879
 -24.81862 -24.81891 -24.81982 -24.81982 -24.81946 -24.81934 -24.81933 -24.81648
 -24.80646 -24.80641 -24.80645 -24.80671 -24.80709 -24.80769 -24.80917 -24.81128
 -24.81426 -24.81861 -24.82156 -24.82368 -24.82517 -24.82588 -24.82632 -24.82631
 -24.82601 -24.82668 -24.82880 -24.82903 -24.82889 -24.82877 -24.82711 -24.82333
 -24.83472 -24.83572 -24.83643 -24.83674 -24.83678 -24.83694 -24.83775 -24.83905
 -24.84088 -24.84345 -24.84512 -24.84651 -24.84791 -24.84840 -24.84849 -24.84840
 -24.84851 -24.84826 -24.84805 -24.84964 -24.85121 -24.85085 -24.84864 -24.84521
 -24.87861 -24.87840 -24.87828 -24.87831 -24.87842 -24.87859 -24.87898 -24.87963
 -24.88069 -24.88209 -24.88262 -24.88391 -24.88656 -24.88676 -24.88697 -24.88851
 -24.88871 -24.88844 -24.88820 -24.88788 -24.88770 -24.88771 -24.88706 -24.88381
 -24.91055 -24.91057 -24.91059 -24.91064 -24.91070 -24.91079 -24.91107 -24.91150
 -24.91214 -24.91305 -24.91359 -24.91401 -24.91421 -24.91397 -24.91498 -24.91790
 -24.91818 -24.91785 -24.91808 -24.91806 -24.91811 -24.91807 -24.91679 -24.91352
 -24.94596 -24.94596 -24.94596 -24.94599 -24.94602 -24.94609 -24.94627 -24.94655
 -24.94695 -24.94751 -24.94787 -24.94814 -24.94837 -24.94844 -24.94847 -24.94826
 -24.94782 -24.94883 -24.95202 -24.95247 -24.95237 -24.95233 -24.95055 -24.94771
 -24.98665 -24.98666 -24.98669 -24.98676 -24.98682 -24.98688 -24.98699 -24.98714
 -24.98736 -24.98770 -24.98800 -24.98818 -24.98825 -24.98835 -24.98843 -24.98853
 -24.98876 -24.98846 -24.98824 -24.99048 -24.99249 -24.99211 -24.99045 -24.98718
 -25.01493 -25.01494 -25.01503 -25.01524 -25.01541 -25.01554 -25.01565 -25.01573
 -25.01582 -25.01609 -25.01654 -25.01682 -25.01685 -25.01716 -25.01738 -25.01736
 -25.01760 -25.01789 -25.01818 -25.01860 -25.01896 -25.01889 -25.01808 -25.01556
 -25.05608 -25.05605 -25.05599 -25.05594 -25.05596 -25.05605 -25.05631 -25.05656
 -25.05677 -25.05689 -25.05687 -25.05705 -25.05753 -25.05752 -25.05760 -25.05805
 -25.05806 -25.05807 -25.05849 -25.05889 -25.05917 -25.05910 -25.05838 -25.05642
 -25.10705 -25.10704 -25.10718 -25.10763 -25.10798 -25.10815 -25.10806 -25.10790
 -25.10781 -25.10792 -25.10814 -25.10804 -25.10776 -25.10839 -25.10874 -25.10833
 -25.10879 -25.10949 -25.10996 -25.11018 -25.11034 -25.11030 -25.10956 -25.10711
 -25.14051 -25.14052 -25.14083 -25.14168 -25.14229 -25.14253 -25.14216 -25.14169
 -25.14137 -25.14151 -25.14197 -25.14170 -25.14080 -25.14196 -25.14253 -25.14140
 -25.14223 -25.14350 -25.14404 -25.14405 -25.14406 -25.14404 -25.14332 -25.14047
 -25.17596 -25.17600 -25.17649 -25.17776 -25.17865 -25.17896 -25.17830 -25.17751
 -25.17695 -25.17712 -25.17786 -25.17739 -25.17585 -25.17757 -25.17837 -25.17649
 -25.17771 -25.17958 -25.18019 -25.17999 -25.17983 -25.17984 -25.17913 -25.17587
 -25.21626 -25.21631 -25.21701 -25.21877 -25.21997 -25.22036 -25.21939 -25.21823
 -25.21739 -25.21762 -25.21866 -25.21799 -25.21572 -25.21807 -25.21913 -25.21640
 -25.21806 -25.22062 -25.22130 -25.22086 -25.22052 -25.22056 -25.21986 -25.21613
---------------------/ IGRD= 1  / IPRT= 0  /--------/ Z1= 5   / DATE= 18/07/15
 -34.18102 -34.18102 -34.18102 -34.18102 -34.18102 -34.18102 -34.18102 -34.18102
 -34.18102 -34.18102 -34.18101 -34.18101 -34.18104 -34.18099 -34.18098 -34.18150
 -34.18214 -34.18345 -34.18947 -34.20191 -34.22413 -34.27395 -34.35035 -34.47705
 -32.79089 -32.79089 -32.79089 -32.79089 -32.79089 -32.79089 -32.79089 -32.79089
 -32.79089 -32.79089 -32.79089 -32.79089 -32.79091 -32.79086 -32.79085 -32.79143
 -32.79205 -32.79319 -32.79867 -32.80949 -32.82886 -32.87401 -32.94336 -33.05893
 -31.03952 -31.03952 -31.03952 -31.03952 -31.03952 -31.03952 -31.03952 -31.03952
 -31.03952 -31.03952 -31.03951 -31.03951 -31.03954 -31.03948 -31.03946 -31.04012
 -31.04071 -31.04165 -31.04644 -31.05523 -31.07100 -31.11027 -31.17075 -31.27230
 -29.88591 -29.88591 -29.88591 -29.88591 -29.88591 -29.88591 -29.88591 -29.88591
 -29.88591 -29.88591 -29.88591 -29.88590 -29.88594 -29.88587 -29.88585 -29.88656
 -29.88713 -29.88794 -29.89227 -29.89972 -29.91312 -29.94852 -30.00315 -30.09546
 -28.66307 -28.66307 -28.66307 -28.66307 -28.66307 -28.66306 -28.66306 -28.66307
 -28.66307 -28.66307 -28.66306 -28.66306 -28.66310 -28.66302 -28.66300 -28.66377
 -28.66431 -28.66498 -28.66883 -28.67486 -28.68575 -28.71704 -28.76548 -28.84799
 -27.34314 -27.34314 -27.34314 -27.34314 -27.34314 -27.34314 -27.34314 -27.34314
 -27.34314 -27.34314 -27.34314 -27.34314 -27.34317 -27.34310 -27.34308 -27.34374
 -27.34418 -27.34471 -27.34790 -27.35254 -27.36107 -27.38768 -27.42884 -27.50016
 -26.67701 -26.67701 -26.67701 -26.67701 -26.67701 -26.67701 -26.67701 -26.67701
 -26.67701 -26.67701 -26.67701 -26.67701 -26.67701 -26.67701 -26.67701 -26.67705
 -26.67730 -26.67805 -26.68061 -26.68486 -26.69310 -26.71636 -26.75189 -26.81541
 -26.03934 -26.03934 -26.03934 -26.03934 -26.03934 -26.03934 -26.03934 -26.03934
 -26.03934 -26.03934 -26.03935 -26.03935 -26.03932 -26.03939 -26.03940 -26.03894
 -26.03990 -26.04250 -26.04574 -26.04841 -26.05379 -26.07288 -26.10352 -26.15842
 -25.56396 -25.56396 -25.56396 -25.56396 -25.56396 -25.56396 -25.56396 -25.56396
 -25.56396 -25.56396 -25.56396 -25.56395 -25.56394 -25.56397 -25.56398 -25.56374
 -25.56414 -25.56515 -25.56606 -25.56822 -25.57382 -25.58985 -25.61427 -25.65901
 -25.38141 -25.38141 -25.38141 -25.38141 -25.38141 -25.38141 -25.38141 -25.38141
 -25.38140 -25.38140 -25.38141 -25.38142 -25.38141 -25.38142 -25.38142 -25.38141
 -25.38170 -25.38235 -25.38359 -25.38609 -25.39110 -25.40382 -25.42479 -25.46462
 -25.26079 -25.26079 -25.26079 -25.26079 -25.26079 -25.26079 -25.26079 -25.26079
 -25.26078 -25.26078 -25.26079 -25.26080 -25.26083 -25.26077 -25.26076 -25.26135
 -25.26159 -25.26155 -25.26279 -25.26489 -25.26851 -25.27926 -25.29729 -25.33121
 -25.17925 -25.17925 -25.17925 -25.17925 -25.17925 -25.17925 -25.17925 -25.17925
 -25.17925 -25.17925 -25.17925 -25.17924 -25.17924 -25.17925 -25.17925 -25.17918
 -25.17936 -25.17980 -25.18047 -25.18189 -25.18492 -25.19276 -25.20582 -25.23092
 -25.13864 -25.13864 -25.13863 -25.13863 -25.13864 -25.13866 -25.13864 -25.13856
 -25.13847 -25.13847 -25.13872 -25.13907 -25.13915 -25.13913 -25.13915 -25.13900
 -25.13916 -25.13965 -25.13999 -25.14084 -25.14304 -25.14874 -25.15770 -25.17460
 -25.09416 -25.09414 -25.09411 -25.09411 -25.09419 -25.09434 -25.09455 -25.09463
 -25.09463 -25.09460 -25.09463 -25.09471 -25.09476 -25.09469 -25.09463 -25.09501
 -25.09523 -25.09520 -25.09545 -25.09603 -25.09692 -25.09879 -25.10177 -25.10750
 -25.05354 -25.05351 -25.05346 -25.05344 -25.05352 -25.05368 -25.05390 -25.05396
 -25.05393 -25.05389 -25.05398 -25.05412 -25.05405 -25.05423 -25.05468 -25.05463
 -25.05469 -25.05512 -25.05520 -25.05506 -25.05481 -25.05327 -25.05033 -25.04466
 -25.03741 -25.03746 -25.03747 -25.03749 -25.03758 -25.03775 -25.03797 -25.03802
 -25.03797 -25.03796 -25.03817 -25.03849 -25.03857 -25.03866 -25.03891 -25.03900
 -25.03912 -25.03943 -25.03959 -25.03943 -25.03875 -25.03571 -25.03043 -25.02032
 -25.03056 -25.03059 -25.03072 -25.03095 -25.03112 -25.03126 -25.03143 -25.03158
 -25.03175 -25.03191 -25.03195 -25.03198 -25.03230 -25.03244 -25.03239 -25.03262
 -25.03296 -25.03325 -25.03340 -25.03319 -25.03231 -25.02855 -25.02174 -25.00885
 -25.03649 -25.03655 -25.03654 -25.03652 -25.03656 -25.03667 -25.03688 -25.03708
 -25.03728 -25.03746 -25.03748 -25.03746 -25.03774 -25.03807 -25.03837 -25.03872
 -25.03902 -25.03933 -25.03947 -25.03927 -25.03836 -25.03421 -25.02674 -25.01218
 -25.04778 -25.04791 -25.04802 -25.04817 -25.04828 -25.04840 -25.04859 -25.04877
 -25.04897 -25.04916 -25.04918 -25.04918 -25.04953 -25.04970 -25.04971 -25.05030
 -25.05084 -25.05113 -25.05124 -25.05107 -25.05016 -25.04575 -25.03822 -25.02350
 -25.07221 -25.07236 -25.07252 -25.07274 -25.07291 -25.07307 -25.07331 -25.07353
 -25.07376 -25.07396 -25.07393 -25.07386 -25.07421 -25.07457 -25.07482 -25.07525
 -25.07562 -25.07595 -25.07613 -25.07584 -25.07479 -25.07080 -25.06321 -25.04834
 -25.11539 -25.11557 -25.11578 -25.11604 -25.11616 -25.11621 -25.11622 -25.11625
 -25.11633 -25.11659 -25.11691 -25.11721 -25.11718 -25.11725 -25.11762 -25.11808
 -25.11844 -25.11881 -25.11894 -25.11880 -25.11812 -25.11445 -25.10736 -25.09324
 -25.14928 -25.14944 -25.14959 -25.14977 -25.14993 -25.15012 -25.15041 -25.15066
 -25.15091 -25.15116 -25.15123 -25.15117 -25.15105 -25.15123 -25.15168 -25.15217
 -25.15254 -25.15295 -25.15312 -25.15289 -25.15214 -25.14901 -25.14238 -25.12870
 -25.18979 -25.18988 -25.18987 -25.18980 -25.18984 -25.19000 -25.19033 -25.19062
 -25.19090 -25.19119 -25.19131 -25.19130 -25.19112 -25.19129 -25.19182 -25.19236
 -25.19278 -25.19323 -25.19334 -25.19325 -25.19280 -25.18972 -25.18353 -25.17095
 -25.23896 -25.23900 -25.23918 -25.23953 -25.23983 -25.24010 -25.24038 -25.24052
 -25.24058 -25.24055 -25.24044 -25.24043 -25.24099 -25.24128 -25.24123 -25.24163
 -25.24221 -25.24269 -25.24284 -25.24269 -25.24221 -25.23977 -25.23418 -25.22232
 -25.27595 -25.27609 -25.27611 -25.27614 -25.27630 -25.27659 -25.27696 -25.27706
 -25.27697 -25.27691 -25.27714 -25.27758 -25.27787 -25.27784 -25.27781 -25.27827
 -25.27891 -25.27948 -25.27958 -25.27938 -25.27889 -25.27635 -25.27127 -25.26055
 -25.32865 -25.32858 -25.32849 -25.32849 -25.32868 -25.32902 -25.32943 -25.32948
 -25.32931 -25.32926 -25.32975 -25.33050 -25.33061 -25.33035 -25.33036 -25.33106
 -25.33139 -25.33142 -25.33219 -25.33235 -25.33158 -25.32980 -25.32535 -25.31501
 -25.39516 -25.39513 -25.39516 -25.39530 -25.39550 -25.39575 -25.39609 -25.39625
 -25.39631 -25.39626 -25.39617 -25.39624 -25.39698 -25.39734 -25.39727 -25.39773
 -25.39823 -25.39842 -25.39819 -25.39828 -25.39847 -25.39661 -25.39248 -25.38385
 -25.43855 -25.43880 -25.43926 -25.43992 -25.44024 -25.44031 -25.44009 -25.43975
 -25.43941 -25.43946 -25.44025 -25.44131 -25.44131 -25.44104 -25.44110 -25.44074
 -25.44105 -25.44208 -25.44245 -25.44239 -25.44236 -25.44092 -25.43741 -25.42945
 -25.48450 -25.48507 -25.48602 -25.48727 -25.48774 -25.48760 -25.48674 -25.48580
 -25.48499 -25.48515 -25.48701 -25.48929 -25.48837 -25.48733 -25.48753 -25.48623
 -25.48631 -25.48830 -25.48945 -25.48923 -25.48887 -25.48794 -25.48513 -25.47781
 -25.53674 -25.53767 -25.53918 -25.54110 -25.54174 -25.54137 -25.53978 -25.53816
 -25.53680 -25.53709 -25.54016 -25.54382 -25.54187 -25.53994 -25.54031 -25.53795
 -25.53777 -25.54083 -25.54287 -25.54248 -25.54175 -25.54139 -25.53937 -25.53278
---------------------/ IGRD= 1  / IPRT= 0  /--------/ Z1= 6   / DATE= 18/07/15
 -74.00000 -74.00000 -74.00000 -74.00000 -74.00000 -74.00000 -74.00000 -74.00000
 -74.00000 -74.00000 -74.00000 -74.00000 -74.00000 -74.00000 -74.00000 -74.00000
 -74.00000 -74.00000 -74.00000 -74.00000 -74.00000 -74.00000 -74.00000 -74.00000
 -74.00000 -74.00000 -74.00000 -74.00000 -74.00000 -74.00000 -74.00000 -74.00000
 -74.00000 -74.00000 -74.00000 -74.00000 -74.00000 -74.00000 -74.00000 -74.00000
 -74.00000 -74.00000 -74.00000 -74.00000 -74.00000 -74.00000 -74.00000 -74.00000
 -74.00000 -74.00000 -74.00000 -74.00000 -74.00000 -74.00000 -74.00000 -74.00000
 -74.00000 -74.00000 -74.00000 -74.00000 -74.00000 -74.00000 -74.00000 -74.00000
 -74.00000 -74.00000 -74.00000 -74.00000 -74.00000 -74.00000 -74.00000 -74.00000
 -74.00000 -74.00000 -74.00000 -74.00000 -74.00000 -74.00000 -74.00000 -74.00000
 -74.00000 -74.00000 -74.00000 -74.00000 -74.00000 -74.00000 -74.00000 -74.00000
 -74.00000 -74.00000 -74.00000 -74.00000 -74.00000 -74.00000 -74.00000 -74.00000
 -74.00000 -74.00000 -74.00000 -74.00000 -74.00000 -74.00000 -74.00000 -74.00000
 -74.00000 -74.00000 -74.00000 -74.00000 -74.00000 -74.00000 -74.00000 -74.00000
 -74.00000 -74.00000 -74.00000 -74.00000 -74.00000 -74.00000 -74.00000 -74.00000
 -74.00000 -74.00000 -74.00000 -74.00000 -74.00000 -74.00000 -74.00000 -74.00000
 -74.00000 -74.00000 -74.00000 -74.00000 -74.00000 -74.00000 -74.00000 -74.00000
 -74.00000 -74.00000 -74.00000 -74.00000 -74.00000 -74.00000 -74.00000 -74.00000
 -74.00000 -74.00000 -74.00000 -74.00000 -74.00000 -74.00000 -74.00000 -74.00000
 -74.00000 -74.00000 -74.00000 -74.00000 -74.00000 -74.00000 -74.00000 -74.00000
 -74.00000 -74.00000 -74.00000 -74.00000 -74.00000 -74.00000 -74.00000 -74.00000
 -74.00000 -74.00000 -74.00000 -74.00000 -74.00000 -74.00000 -74.00000 -74.00000
 -74.00000 -74.00000 -74.00000 -74.00000 -74.00000 -74.00000 -74.00000 -74.00000
 -74.00000 -74.00000 -74.00000 -74.00000 -74.00000 -74.00000 -74.00000 -74.00000
 -62.10766 -62.10705 -62.10739 -62.11051 -62.11275 -62.11125 -62.09938 -62.09101
 -62.09667 -62.14105 -62.17230 -62.15112 -61.98497 -61.54172 -61.55795 -61.79007
 -61.74990 -61.74926 -61.75943 -61.75738 -61.75837 -61.76278 -61.76344 -61.76720
 -50.25097 -50.20003 -50.14813 -50.05155 -49.97390 -49.92859 -49.96092 -49.98113
 -49.87210 -49.38168 -49.02932 -49.17036 -50.60943 -51.34747 -51.34437 -51.25212
 -51.28035 -51.28010 -51.27397 -51.27596 -51.27615 -51.27174 -51.26926 -51.26599
 -43.56131 -43.56590 -43.57059 -43.57907 -43.58558 -43.58916 -43.58612 -43.58417
 -43.59306 -43.62924 -43.65125 -43.64244 -43.52121 -43.39987 -43.40073 -43.42280
 -43.41628 -43.41653 -43.41800 -43.41739 -43.41729 -43.41876 -43.42001 -43.42178
 -37.36091 -37.36183 -37.36280 -37.36473 -37.36632 -37.36726 -37.36658 -37.36615
 -37.36836 -37.37819 -37.38510 -37.38232 -37.35249 -37.33098 -37.33086 -37.33443
 -37.33367 -37.33403 -37.33428 -37.33383 -37.33342 -37.33370 -37.33427 -37.33491
 -34.28373 -34.28287 -34.28192 -34.28021 -34.27888 -34.27814 -34.27872 -34.27908
 -34.27722 -34.26884 -34.26282 -34.26526 -34.29019 -34.30668 -34.30639 -34.30444
 -34.30590 -34.30559 -34.30401 -34.30381 -34.30495 -34.30539 -34.30468 -34.30399
 -31.29218 -31.29228 -31.29234 -31.29247 -31.29261 -31.29270 -31.29265 -31.29261
 -31.29280 -31.29366 -31.29427 -31.29402 -31.29144 -31.28968 -31.28972 -31.28984
 -31.28925 -31.28870 -31.28950 -31.28993 -31.28904 -31.28874 -31.28887 -31.28795
 -28.89632 -28.89642 -28.89654 -28.89665 -28.89669 -28.89669 -28.89667 -28.89667
 -28.89674 -28.89701 -28.89719 -28.89711 -28.89634 -28.89586 -28.89590 -28.89575
 -28.89599 -28.89679 -28.89612 -28.89535 -28.89577 -28.89550 -28.89431 -28.89255
 -27.88162 -27.88175 -27.88190 -27.88199 -27.88195 -27.88191 -27.88192 -27.88197
 -27.88200 -27.88192 -27.88184 -27.88187 -27.88223 -27.88254 -27.88260 -27.88214
 -27.88208 -27.88261 -27.88262 -27.88235 -27.88237 -27.88163 -27.88044 -27.87861
 -27.13540 -27.13509 -27.13474 -27.13451 -27.13452 -27.13460 -27.13468 -27.13468
 -27.13465 -27.13461 -27.13460 -27.13460 -27.13464 -27.13462 -27.13458 -27.13484
 -27.13479 -27.13433 -27.13495 -27.13567 -27.13546 -27.13445 -27.13339 -27.13174
 -26.56915 -26.56915 -26.56917 -26.56922 -26.56926 -26.56930 -26.56933 -26.56933
 -26.56932 -26.56930 -26.56928 -26.56926 -26.56926 -26.56924 -26.56921 -26.56937
 -26.56937 -26.56923 -26.57021 -26.57092 -26.57050 -26.56949 -26.56905 -26.56866
 -26.29677 -26.29695 -26.29716 -26.29733 -26.29734 -26.29730 -26.29722 -26.29718
 -26.29722 -26.29742 -26.29765 -26.29783 -26.29789 -26.29790 -26.29799 -26.29801
 -26.29804 -26.29819 -26.29845 -26.29838 -26.29798 -26.29778 -26.29767 -26.29720
 -26.03712 -26.03723 -26.03734 -26.03743 -26.03743 -26.03740 -26.03734 -26.03732
 -26.03734 -26.03750 -26.03768 -26.03784 -26.03790 -26.03788 -26.03788 -26.03794
 -26.03803 -26.03812 -26.03815 -26.03818 -26.03825 -26.03812 -26.03815 -26.03857
 -25.84371 -25.84373 -25.84365 -25.84357 -25.84356 -25.84357 -25.84357 -25.84357
 -25.84357 -25.84361 -25.84367 -25.84372 -25.84374 -25.84373 -25.84373 -25.84378
 -25.84382 -25.84382 -25.84389 -25.84394 -25.84388 -25.84357 -25.84391 -25.84529
 -25.76530 -25.76547 -25.76554 -25.76562 -25.76570 -25.76577 -25.76580 -25.76578
 -25.76577 -25.76580 -25.76585 -25.76590 -25.76593 -25.76592 -25.76592 -25.76590
 -25.76591 -25.76597 -25.76601 -25.76606 -25.76614 -25.76592 -25.76625 -25.76761
 -25.71396 -25.71374 -25.71370 -25.71357 -25.71337 -25.71319 -25.71308 -25.71310
 -25.71314 -25.71314 -25.71310 -25.71305 -25.71302 -25.71303 -25.71304 -25.71303
 -25.71305 -25.71310 -25.71317 -25.71320 -25.71322 -25.71334 -25.71383 -25.71491
 -25.68394 -25.68206 -25.68071 -25.67891 -25.67750 -25.67635 -25.67568 -25.67572
 -25.67596 -25.67611 -25.67604 -25.67593 -25.67587 -25.67590 -25.67594 -25.67596
 -25.67595 -25.67596 -25.67609 -25.67598 -25.67579 -25.67726 -25.67841 -25.67833
 -25.66539 -25.66502 -25.66478 -25.66431 -25.66382 -25.66333 -25.66286 -25.66273
 -25.66285 -25.66345 -25.66408 -25.66462 -25.66484 -25.66481 -25.66486 -25.66492
 -25.66486 -25.66471 -25.66467 -25.66470 -25.66470 -25.66486 -25.66545 -25.66659
 -25.65869 -25.65876 -25.65896 -25.65943 -25.65986 -25.66025 -25.66055 -25.66063
 -25.66064 -25.66070 -25.66077 -25.66082 -25.66083 -25.66085 -25.66089 -25.66066
 -25.66106 -25.66234 -25.66302 -25.66282 -25.66282 -25.66293 -25.66284 -25.66279
 -25.71677 -25.71727 -25.71567 -25.70800 -25.69915 -25.69041 -25.68296 -25.68076
 -25.68025 -25.68030 -25.68032 -25.68032 -25.68032 -25.68031 -25.68031 -25.68033
 -25.68030 -25.68020 -25.68014 -25.68019 -25.68024 -25.68004 -25.68038 -25.68153
 -25.72774 -25.72775 -25.72624 -25.72034 -25.71374 -25.70721 -25.70142 -25.69945
 -25.69876 -25.69858 -25.69858 -25.69862 -25.69864 -25.69864 -25.69864 -25.69864
 -25.69865 -25.69871 -25.69875 -25.69873 -25.69872 -25.69886 -25.69865 -25.69819
 -25.75267 -25.75170 -25.74931 -25.74306 -25.73683 -25.73096 -25.72609 -25.72471
 -25.72445 -25.72452 -25.72452 -25.72450 -25.72449 -25.72450 -25.72451 -25.72451
 -25.72450 -25.72448 -25.72446 -25.72447 -25.72449 -25.72442 -25.72456 -25.72485
 -25.78309 -25.78094 -25.77740 -25.77031 -25.76408 -25.75858 -25.75454 -25.75384
 -25.75415 -25.75459 -25.75461 -25.75450 -25.75445 -25.75447 -25.75448 -25.75451
 -25.75446 -25.75428 -25.75415 -25.75423 -25.75430 -25.75388 -25.75458 -25.75614
---------------------/ IGRD= 1  / IPRT= 0  /--------/ Z1= 7   / DATE= 18/07/15
 -74.00000 -74.00000 -74.00000 -74.00000 -74.00000 -73.83120 -73.70753 -74.00000
 -74.00000 -74.00000 -74.00000 -74.00000 -74.00000 -74.00000 -74.00000 -74.00000
 -74.00000 -74.00000 -74.00000 -74.00000 -74.00000 -74.00000 -74.00000 -74.00000
 -74.00000 -74.00000 -74.00000 -74.00000 -74.00000 -74.00000 -74.00000 -74.00000
 -74.00000 -74.00000 -74.00000 -74.00000 -74.00000 -74.00000 -74.00000 -74.00000
 -74.00000 -74.00000 -74.00000 -74.00000 -74.00000 -74.00000 -74.00000 -74.00000
 -74.00000 -74.00000 -74.00000 -74.00000 -74.00000 -74.00000 -74.00000 -74.00000
 -74.00000 -74.00000 -74.00000 -74.00000 -74.00000 -74.00000 -74.00000 -74.00000
 -74.00000 -74.00000 -74.00000 -74.00000 -74.00000 -74.00000 -74.00000 -74.00000
 -74.00000 -74.00000 -74.00000 -74.00000 -74.00000 -74.00000 -74.00000 -74.00000
 -74.00000 -74.00000 -74.00000 -74.00000 -74.00000 -74.00000 -74.00000 -74.00000
 -74.00000 -74.00000 -74.00000 -74.00000 -74.00000 -74.00000 -74.00000 -74.00000
 -74.00000 -74.00000 -74.00000 -74.00000 -74.00000 -74.00000 -74.00000 -74.00000
 -74.00000 -74.00000 -74.00000 -74.00000 -74.00000 -74.00000 -74.00000 -74.00000
 -74.00000 -74.00000 -74.00000 -74.00000 -74.00000 -74.00000 -74.00000 -74.00000
 -74.00000 -74.00000 -74.00000 -74.00000 -74.00000 -74.00000 -74.00000 -74.00000
 -74.00000 -74.00000 -74.00000 -74.00000 -74.00000 -74.00000 -74.00000 -74.00000
 -74.00000 -74.00000 -74.00000 -74.00000 -74.00000 -74.00000 -74.00000 -74.00000
 -74.00000 -74.00000 -74.00000 -74.00000 -74.00000 -74.00000 -74.00000 -74.00000
 -74.00000 -74.00000 -74.00000 -74.00000 -74.00000 -74.00000 -74.00000 -74.00000
 -74.00000 -74.00000 -74.00000 -74.00000 -74.00000 -74.00000 -74.00000 -74.00000
 -74.00000 -74.00000 -74.00000 -74.00000 -74.00000 -74.00000 -74.00000 -74.00000
 -74.00000 -74.00000 -74.00000 -74.00000 -74.00000 -74.00000 -74.00000 -74.00000
 -74.00000 -74.00000 -74.00000 -74.00000 -74.00000 -74.00000 -74.00000 -74.00000
 -74.00000 -74.00000 -74.00000 -74.00000 -74.00000 -74.00000 -74.00000 -74.00000
 -74.00000 -74.00000 -72.57581 -71.91328 -72.65298 -73.17462 -73.13606 -73.06822
 -73.09913 -73.09678 -73.09227 -73.09442 -73.09424 -73.09391 -73.09407 -73.09405
 -71.50423 -71.34811 -71.06677 -71.02737 -71.67242 -72.74018 -72.86946 -70.43576
 -65.54116 -58.29724 -54.72085 -53.82830 -54.82482 -55.52757 -55.47561 -55.38422
 -55.42587 -55.42270 -55.41662 -55.41952 -55.41927 -55.41883 -55.41904 -55.41902
 -42.71569 -42.75834 -42.83518 -42.84595 -42.66975 -42.37809 -42.34278 -43.00754
 -44.34450 -46.32317 -47.30006 -47.54386 -47.27166 -47.07971 -47.09390 -47.11886
 -47.10749 -47.10835 -47.11001 -47.10922 -47.10929 -47.10941 -47.10935 -47.10936
 -41.13055 -41.11549 -41.08834 -41.08454 -41.14678 -41.24979 -41.26227 -41.02746
 -40.55522 -39.85632 -39.51126 -39.42515 -39.52130 -39.58910 -39.58408 -39.57527
 -39.57929 -39.57898 -39.57839 -39.57867 -39.57865 -39.57861 -39.57863 -39.57863
 -36.36743 -36.36486 -36.36022 -36.35957 -36.37021 -36.38782 -36.38996 -36.34981
 -36.26905 -36.14954 -36.09054 -36.07581 -36.09225 -36.10385 -36.10299 -36.10148
 -36.10217 -36.10212 -36.10202 -36.10207 -36.10206 -36.10205 -36.10206 -36.10206
 -32.59359 -32.59343 -32.59316 -32.59312 -32.59375 -32.59480 -32.59493 -32.59254
 -32.58773 -32.58061 -32.57710 -32.57622 -32.57720 -32.57789 -32.57784 -32.57775
 -32.57779 -32.57779 -32.57778 -32.57778 -32.57778 -32.57778 -32.57778 -32.57778
 -29.75111 -29.75131 -29.75167 -29.75172 -29.75089 -29.74951 -29.74934 -29.75249
 -29.75882 -29.76818 -29.77280 -29.77396 -29.77267 -29.77176 -29.77183 -29.77195
 -29.77189 -29.77190 -29.77191 -29.77190 -29.77190 -29.77193 -29.77193 -29.77192
 -28.58246 -28.58242 -28.58236 -28.58235 -28.58249 -28.58273 -28.58275 -28.58222
 -28.58114 -28.57956 -28.57877 -28.57857 -28.57879 -28.57894 -28.57893 -28.57891
 -28.57892 -28.57892 -28.57891 -28.57892 -28.57891 -28.57888 -28.57885 -28.57885
 -27.69453 -27.69455 -27.69458 -27.69458 -27.69452 -27.69442 -27.69443 -27.69466
 -27.69513 -27.69582 -27.69616 -27.69626 -27.69618 -27.69612 -27.69612 -27.69612
 -27.69613 -27.69615 -27.69616 -27.69614 -27.69615 -27.69641 -27.69660 -27.69660
 -27.02417 -27.02414 -27.02414 -27.02416 -27.02417 -27.02417 -27.02411 -27.02400
 -27.02384 -27.02362 -27.02349 -27.02342 -27.02339 -27.02338 -27.02337 -27.02341
 -27.02337 -27.02327 -27.02329 -27.02324 -27.02313 -27.02347 -27.02374 -27.02366
 -26.69576 -26.69574 -26.69575 -26.69576 -26.69576 -26.69573 -26.69568 -26.69565
 -26.69563 -26.69560 -26.69557 -26.69554 -26.69549 -26.69547 -26.69546 -26.69549
 -26.69547 -26.69539 -26.69538 -26.69538 -26.69531 -26.69525 -26.69527 -26.69524
 -26.36227 -26.36253 -26.36255 -26.36246 -26.36256 -26.36288 -26.36337 -26.36359
 -26.36359 -26.36352 -26.36362 -26.36394 -26.36443 -26.36465 -26.36465 -26.36448
 -26.36479 -26.36553 -26.36568 -26.36580 -26.36651 -26.36742 -26.36797 -26.36863
 -26.11758 -26.11804 -26.11837 -26.11860 -26.11868 -26.11871 -26.11877 -26.11888
 -26.11907 -26.11940 -26.11967 -26.11991 -26.12017 -26.12030 -26.12045 -26.12096
 -26.12138 -26.12171 -26.12233 -26.12261 -26.12267 -26.12356 -26.12485 -26.12633
 -26.02204 -26.02220 -26.02220 -26.02226 -26.02261 -26.02328 -26.02430 -26.02486
 -26.02509 -26.02508 -26.02500 -26.02496 -26.02503 -26.02520 -26.02544 -26.02566
 -26.02588 -26.02615 -26.02613 -26.02680 -26.02836 -26.02936 -26.02965 -26.03048
 -25.95581 -25.95555 -25.95528 -25.95525 -25.95576 -25.95674 -25.95816 -25.95880
 -25.95889 -25.95870 -25.95880 -25.95928 -25.96004 -25.96031 -25.96022 -25.96014
 -25.96008 -25.95984 -25.95930 -25.96004 -25.96217 -25.96419 -25.96413 -25.96352
 -25.91362 -25.91407 -25.91421 -25.91411 -25.91395 -25.91381 -25.91353 -25.91319
 -25.91279 -25.91257 -25.91299 -25.91397 -25.91541 -25.91602 -25.91602 -25.91578
 -25.91619 -25.91722 -25.91782 -25.91729 -25.91663 -25.91818 -25.91994 -25.92087
 -25.89740 -25.89840 -25.89867 -25.89839 -25.89815 -25.89809 -25.89815 -25.89814
 -25.89802 -25.89782 -25.89774 -25.89777 -25.89794 -25.89813 -25.89817 -25.89765
 -25.89860 -25.90107 -25.90196 -25.90157 -25.90156 -25.90109 -25.90209 -25.90459
 -25.88935 -25.88935 -25.88939 -25.88941 -25.88930 -25.88911 -25.88913 -25.88967
 -25.89070 -25.89223 -25.89297 -25.89316 -25.89294 -25.89279 -25.89280 -25.89284
 -25.89279 -25.89271 -25.89281 -25.89259 -25.89243 -25.89494 -25.89640 -25.89607
 -25.89747 -25.89743 -25.89726 -25.89722 -25.89762 -25.89844 -25.89956 -25.89995
 -25.89980 -25.89939 -25.89944 -25.89999 -25.90092 -25.90131 -25.90128 -25.90122
 -25.90127 -25.90135 -25.90150 -25.90126 -25.90083 -25.90173 -25.90323 -25.90458
 -25.91129 -25.91125 -25.91125 -25.91126 -25.91125 -25.91121 -25.91107 -25.91090
 -25.91072 -25.91076 -25.91123 -25.91210 -25.91328 -25.91373 -25.91370 -25.91364
 -25.91368 -25.91369 -25.91345 -25.91387 -25.91482 -25.91457 -25.91491 -25.91674
 -25.92973 -25.93005 -25.93013 -25.93004 -25.92997 -25.92998 -25.93008 -25.93016
 -25.93023 -25.93020 -25.93003 -25.92975 -25.92937 -25.92923 -25.92925 -25.92923
 -25.92928 -25.92933 -25.92892 -25.92968 -25.93190 -25.93383 -25.93359 -25.93285
 -25.95124 -25.95291 -25.95338 -25.95292 -25.95247 -25.95231 -25.95236 -25.95241
 -25.95238 -25.95237 -25.95251 -25.95281 -25.95323 -25.95339 -25.95337 -25.95340
 -25.95333 -25.95327 -25.95384 -25.95278 -25.95062 -25.95353 -25.95712 -25.95772
C-------------------------------------------------------------------------------
C
C     RADIATED POWERS IN UNITS OF W CM**3 
C     ----------------------------------- 
C
C     INPUT DATA
C         FOR YEAR: 96 AND WITH PREFIX: pj 
C         FOR N  RECOMBINING ION CHARGE(S)  1 TO  7
C
C     CODE     : ADAS404
C     PRODUCER : Martin O'Mullane              
C     DATE     : 18/07/15
C
C-------------------------------------------------------------------------------
C
C  Re-run because of un-physical excitation rate in N2+ adf04 file.
C
C  PRODUCER : Martin O'Mullane              
C  DATE     : 18-07-2015
C
C-------------------------------------------------------------------------------

C-----------------------------------------------------------------------
C                               OPEN-ADAS
C                               +++++++++
C
C This file has been downloaded from OPEN-ADAS (http://open.adas.ac.uk)
C on 14-Jul-2017.
C
C TERMS AND CONDITIONS
C --------------------
C
C The user of the OPEN-ADAS system and data (hereinafter "the User")
C accepts the following terms and conditions:
C
C   1. The University of Strathclyde uses all reasonable endeavours to
C      ensure the accuracy of the data provided and any information
C      given, but the University makes no warranty, expressed or implied
C      as to its accuracy, integrity, fitness for purpose and shall not
C      be responsible for the use to which the data is put by the User
C      and/or any consequences arising out of any inaccuracies or
C      omissions.
C
C   2. Any downloaded OPEN-ADAS file is made available for the
C      personal use of the User only.  It must not be used for any
C      commercial application, incorporated into any web site or in
C      any form re-distributed without express prior written permission
C      from the ADAS Project. In particular, but not by way of
C      limitation, it must not be:
C        *  inserted into a managed database structure,
C        *  redistributed along with a modelling or analysis code,
C        *  made available on a public website.
C
C Permission for OPEN-ADAS data incorporation in non-commercial
C code/system development for scientific advance will not be
C unreasonably withheld, but will be subject to written agreement
C on a case by case basis.
C
C The User will indemnify the University of Strathclyde and keep it
C fully and effectively indemnified against each and every claim made
C against the University as a result of the User's use of the data.
C
C-----------------------------------------------------------------------
