    7   24   30    1    7     /NITROGEN           /GCR PROJECT      
--------------------------------------------------------------------------------
   7.69897   8.00000   8.30103   8.69897   9.00000   9.30103   9.69897  10.00000
  10.30103  10.69897  11.00000  11.30103  11.69897  12.00000  12.30103  12.69897
  13.00000  13.30103  13.69897  14.00000  14.30103  14.69897  15.00000  15.30103
  -0.69877  -0.52268  -0.30083  -0.15470   0.00020   0.17629   0.30123   0.47732
   0.69917   0.84530   1.00020   1.17629   1.30123   1.47732   1.69917   1.84530
   2.00020   2.17629   2.30123   2.47732   2.69917   2.84530   3.00020   3.17629
   3.30123   3.47732   3.69917   3.84530   4.00020   4.17629
---------------------/ IGRD= 1  / IPRT= 1  /--------/ Z1= 1   / DATE= 18/07/15
 -11.90951 -11.88996 -11.86897 -11.83628 -11.80697 -11.77385 -11.71998 -11.67077
 -11.61541 -11.53158 -11.45789 -11.37301 -11.24162 -11.12588 -10.99405 -10.79095
 -10.61071 -10.40307 -10.08576  -9.81973  -9.54043  -9.15930  -8.86268  -8.56165
 -12.06814 -12.05544 -12.04048 -12.01751 -11.99712 -11.97296 -11.93423 -11.89938
 -11.85947 -11.79733 -11.74224 -11.67949 -11.58247 -11.49622 -11.39681 -11.24148
 -11.09815 -10.92436 -10.64969 -10.41411 -10.16134  -9.80984  -9.52331  -9.22228
 -12.25901 -12.25127 -12.24193 -12.22742 -12.21459 -12.19939 -12.17425 -12.15128
 -12.12526 -12.08508 -12.04946 -12.00851 -11.94307 -11.88426 -11.81698 -11.70614
 -11.59681 -11.45960 -11.24281 -11.05576 -10.85069 -10.56886 -10.31090 -10.00987
 -12.37757 -12.37219 -12.36528 -12.35495 -12.34601 -12.33497 -12.31698 -12.30074
 -12.28196 -12.25252 -12.22622 -12.19589 -12.14811 -12.10459 -12.05273 -11.96551
 -11.87777 -11.76612 -11.59592 -11.44997 -11.28513 -11.07380 -10.84836 -10.54733
 -12.49151 -12.48675 -12.48214 -12.47500 -12.46837 -12.46089 -12.44919 -12.43849
 -12.42588 -12.40595 -12.38806 -12.36726 -12.33415 -12.30388 -12.26764 -12.20395
 -12.13823 -12.05543 -11.93501 -11.82994 -11.70543 -11.57401 -11.38744 -11.08641
 -12.55286 -12.55155 -12.55080 -12.55001 -12.54920 -12.54832 -12.54520 -12.54091
 -12.53555 -12.52640 -12.51789 -12.50814 -12.49149 -12.47523 -12.45520 -12.41830
 -12.37903 -12.32964 -12.26066 -12.19386 -12.10657 -12.05708 -11.91196 -11.61092
 -12.46520 -12.47391 -12.48264 -12.49495 -12.50441 -12.51342 -12.52376 -12.53029
 -12.53605 -12.54152 -12.54407 -12.54571 -12.54538 -12.54216 -12.53555 -12.52052
 -12.50211 -12.47658 -12.44193 -12.39958 -12.33476 -12.33154 -12.20956 -11.90853
 -12.16670 -12.19335 -12.22054 -12.25658 -12.28354 -12.31043 -12.34753 -12.37617
 -12.40367 -12.43835 -12.46319 -12.48653 -12.51581 -12.53588 -12.55292 -12.57272
 -12.58608 -12.59802 -12.61556 -12.60955 -12.57805 -12.63218 -12.53678 -12.23588
 -11.82275 -11.85767 -11.89364 -11.94231 -11.97985 -12.01841 -12.07392 -12.11941
 -12.16622 -12.22873 -12.27591 -12.32310 -12.38609 -12.43253 -12.47651 -12.53800
 -12.59039 -12.64802 -12.72922 -12.76831 -12.77793 -12.89403 -12.82543 -12.52463
 -11.71289 -11.74969 -11.78728 -11.83877 -11.87918 -11.92065 -11.98078 -12.03104
 -12.08363 -12.15441 -12.20846 -12.26368 -12.33833 -12.39410 -12.44826 -12.52695
 -12.59562 -12.67202 -12.78261 -12.84576 -12.87919 -13.03177 -12.97881 -12.67829
 -11.67759 -11.71455 -11.75332 -11.80632 -11.84797 -11.89169 -11.95497 -12.00767
 -12.06344 -12.13951 -12.19810 -12.25814 -12.34070 -12.40336 -12.46442 -12.55352
 -12.63180 -12.71975 -12.85068 -12.93217 -12.98502 -13.16917 -13.12995 -12.82988
 -11.71357 -11.75060 -11.78988 -11.84282 -11.88427 -11.92872 -11.99353 -12.04749
 -12.10476 -12.18325 -12.24410 -12.30682 -12.39435 -12.46164 -12.52729 -12.62298
 -12.70798 -12.80524 -12.95156 -13.04632 -13.11422 -13.32534 -13.29837 -12.99878
 -11.77354 -11.81042 -11.84961 -11.90279 -11.94448 -11.98902 -12.05400 -12.10813
 -12.16559 -12.24440 -12.30601 -12.37032 -12.45980 -12.52877 -12.59729 -12.69659
 -12.78406 -12.88475 -13.03749 -13.13814 -13.21271 -13.43674 -13.41594 -13.11670
 -11.89504 -11.93149 -11.97023 -12.02446 -12.06708 -12.11081 -12.17470 -12.22863
 -12.28583 -12.36448 -12.42663 -12.49238 -12.58388 -12.65457 -12.72566 -12.82747
 -12.91614 -13.01863 -13.17494 -13.27915 -13.35812 -13.59191 -13.57622 -13.27748
 -12.09800 -12.13332 -12.17134 -12.22481 -12.26673 -12.30976 -12.37240 -12.42507
 -12.48102 -12.55840 -12.61964 -12.68418 -12.77572 -12.84747 -12.91900 -13.02032
 -13.10745 -13.20735 -13.36026 -13.46172 -13.53718 -13.76705 -13.75037 -13.45224
 -12.25287 -12.28733 -12.32508 -12.37823 -12.41961 -12.46195 -12.52298 -12.57396
 -12.62824 -12.70395 -12.76430 -12.82795 -12.91817 -12.98913 -13.06005 -13.15891
 -13.24263 -13.33786 -13.48245 -13.57664 -13.64475 -13.86259 -13.84049 -13.54262
 -12.43799 -12.47143 -12.50797 -12.56025 -12.60140 -12.64305 -12.70324 -12.75327
 -12.80562 -12.87977 -12.93947 -13.00143 -13.08948 -13.15903 -13.22801 -13.32288
 -13.40178 -13.49023 -13.62354 -13.70775 -13.76506 -13.96748 -13.93905 -13.64115
 -12.67217 -12.70460 -12.74028 -12.79152 -12.83223 -12.87391 -12.93232 -12.98033
 -13.03205 -13.10491 -13.16282 -13.22330 -13.30883 -13.37632 -13.44373 -13.53446
 -13.60722 -13.68701 -13.80746 -13.88191 -13.92916 -14.11498 -14.07897 -13.78070
 -12.83790 -12.86949 -12.90470 -12.95545 -12.99561 -13.03653 -13.09336 -13.13978
 -13.18983 -13.26082 -13.31749 -13.37646 -13.45923 -13.52415 -13.58874 -13.67494
 -13.74261 -13.81481 -13.92302 -13.98795 -14.02609 -14.19915 -14.15785 -13.85934
 -13.08842 -13.11979 -13.15445 -13.20441 -13.24392 -13.28403 -13.34052 -13.38671
 -13.43554 -13.50510 -13.56107 -13.61896 -13.70048 -13.76411 -13.82624 -13.90897
 -13.97377 -14.04187 -14.14326 -14.20275 -14.23576 -14.40126 -14.35652 -14.05755
 -13.41875 -13.45020 -13.48494 -13.53498 -13.57455 -13.61474 -13.67132 -13.71755
 -13.76647 -13.83627 -13.89246 -13.95063 -14.03261 -14.09670 -14.15930 -14.24269
 -14.30806 -14.37673 -14.47880 -14.53871 -14.57200 -14.73767 -14.69268 -14.39316
 -13.63695 -13.66845 -13.70321 -13.75328 -13.79289 -13.83308 -13.88968 -13.93597
 -13.98494 -14.05481 -14.11110 -14.16939 -14.25156 -14.31580 -14.37860 -14.46228
 -14.52787 -14.59678 -14.69917 -14.75927 -14.79269 -14.95840 -14.91325 -14.61341
 -13.86851 -13.90002 -13.93480 -13.98490 -14.02453 -14.06476 -14.12140 -14.16771
 -14.21672 -14.28667 -14.34303 -14.40141 -14.48373 -14.54811 -14.61104 -14.69494
 -14.76071 -14.82981 -14.93244 -14.99272 -15.02628 -15.19202 -15.14670 -14.84657
 -14.13183 -14.16337 -14.19817 -14.24829 -14.28794 -14.32822 -14.38493 -14.43126
 -14.48030 -14.55033 -14.60677 -14.66522 -14.74770 -14.81222 -14.87528 -14.95936
 -15.02533 -15.09461 -15.19747 -15.25795 -15.29165 -15.45743 -15.41193 -15.11150
 -14.31870 -14.35025 -14.38507 -14.43520 -14.47486 -14.51518 -14.57194 -14.61828
 -14.66734 -14.73743 -14.79391 -14.85242 -14.93499 -14.99961 -15.06275 -15.14696
 -15.21305 -15.28245 -15.38546 -15.44606 -15.47986 -15.64567 -15.60007 -15.29946
 -14.58212 -14.61368 -14.64852 -14.69867 -14.73836 -14.77872 -14.83553 -14.88189
 -14.93099 -15.00115 -15.05770 -15.11628 -15.19897 -15.26371 -15.32696 -15.41133
 -15.47758 -15.54714 -15.65034 -15.71111 -15.74503 -15.91090 -15.86518 -15.56432
 -14.91405 -14.94564 -14.98049 -15.03067 -15.07038 -15.11080 -15.16768 -15.21406
 -15.26320 -15.33344 -15.39006 -15.44872 -15.53156 -15.59643 -15.65980 -15.74435
 -15.81078 -15.88052 -15.98395 -16.04490 -16.07896 -16.24493 -16.19909 -15.89795
 -15.13273 -15.16433 -15.19920 -15.24939 -15.28911 -15.32956 -15.38648 -15.43288
 -15.48204 -15.55234 -15.60899 -15.66770 -15.75063 -15.81558 -15.87903 -15.96369
 -16.03022 -16.10006 -16.20363 -16.26469 -16.29885 -16.46488 -16.41898 -16.11769
 -15.36457 -15.39618 -15.43106 -15.48127 -15.52100 -15.56148 -15.61844 -15.66485
 -15.71404 -15.78438 -15.84108 -15.89983 -15.98284 -16.04787 -16.11139 -16.19616
 -16.26280 -16.33275 -16.43645 -16.49761 -16.53186 -16.69798 -16.65203 -16.35058
 -15.62815 -15.65977 -15.69467 -15.74490 -15.78464 -15.82515 -15.88215 -15.92858
 -15.97779 -16.04818 -16.10493 -16.16373 -16.24683 -16.31194 -16.37553 -16.46042
 -16.52716 -16.59722 -16.70107 -16.76234 -16.79669 -16.96290 -16.91692 -16.61531
---------------------/ IGRD= 1  / IPRT= 1  /--------/ Z1= 2   / DATE= 18/07/15
 -11.29115 -11.27394 -11.25519 -11.22558 -11.19628 -11.15827 -11.09926 -11.04857
 -10.98881 -10.89562 -10.81409 -10.71868 -10.56476 -10.42515 -10.26727 -10.02897
  -9.82330  -9.59374  -9.25141  -8.96320  -8.65238  -8.21712  -7.88060  -7.54943
 -11.36445 -11.34987 -11.33406 -11.31053 -11.28729 -11.25377 -11.21229 -11.18968
 -11.14929 -11.07134 -11.00627 -10.92973 -10.80889 -10.70267 -10.57952 -10.38853
 -10.22205 -10.03477  -9.75281  -9.51288  -9.25148  -8.88438  -8.59348  -8.28094
 -11.49946 -11.49108 -11.48195 -11.46740 -11.45304 -11.43478 -11.40521 -11.37901
 -11.34817 -11.29956 -11.25594 -11.20398 -11.12012 -11.04434 -10.95733 -10.82272
 -10.70351 -10.56688 -10.35699 -10.17484  -9.97183  -9.67251  -9.42358  -9.15538
 -11.57325 -11.56786 -11.56165 -11.55219 -11.54335 -11.53128 -11.51114 -11.49363
 -11.47277 -11.43941 -11.40930 -11.37320 -11.31411 -11.25991 -11.19728 -11.09888
 -11.00996 -10.90672 -10.74479 -10.60073 -10.43703 -10.18581  -9.96581  -9.71916
 -11.63338 -11.62997 -11.62666 -11.62112 -11.61497 -11.60727 -11.59534 -11.58500
 -11.57263 -11.55173 -11.53199 -11.50911 -11.47132 -11.43532 -11.39412 -11.32874
 -11.26761 -11.19535 -11.07973 -10.97418 -10.85055 -10.65090 -10.46514 -10.24553
 -11.68859 -11.68752 -11.68651 -11.68451 -11.68205 -11.67922 -11.67291 -11.66582
 -11.65977 -11.65019 -11.63882 -11.62616 -11.60513 -11.58390 -11.56028 -11.52277
 -11.48613 -11.44172 -11.36945 -11.30230 -11.22125 -11.08026 -10.93751 -10.75886
 -11.66230 -11.66627 -11.66907 -11.67248 -11.67553 -11.67738 -11.67816 -11.67852
 -11.67876 -11.67770 -11.67493 -11.67033 -11.66038 -11.64947 -11.63651 -11.61483
 -11.59310 -11.56590 -11.51997 -11.47578 -11.42066 -11.31971 -11.21184 -11.07065
 -11.45676 -11.47361 -11.48880 -11.50743 -11.52190 -11.53713 -11.55914 -11.57715
 -11.59508 -11.61712 -11.63169 -11.64392 -11.65677 -11.66418 -11.66960 -11.67258
 -11.67119 -11.66742 -11.65648 -11.64075 -11.61654 -11.56596 -11.50741 -11.42527
 -11.11585 -11.14435 -11.17196 -11.20697 -11.23380 -11.26358 -11.31042 -11.35152
 -11.39450 -11.44938 -11.48758 -11.52268 -11.56596 -11.59702 -11.62662 -11.66376
 -11.68975 -11.71313 -11.74010 -11.75631 -11.76580 -11.76708 -11.75843 -11.73749
 -10.97771 -11.00893 -11.03935 -11.07824 -11.10855 -11.14311 -11.19822 -11.24702
 -11.29968 -11.36865 -11.41686 -11.46194 -11.51858 -11.55982 -11.60077 -11.65504
 -11.69545 -11.73382 -11.78021 -11.81124 -11.83731 -11.86421 -11.87849 -11.88519
 -10.92239 -10.95476 -10.98663 -11.02771 -11.05982 -11.09655 -11.15529 -11.20768
 -11.26511 -11.34121 -11.39458 -11.44462 -11.50925 -11.55864 -11.60816 -11.67311
 -11.72194 -11.77051 -11.83267 -11.87624 -11.91480 -11.95958 -11.99087 -12.02002
 -10.95021 -10.98309 -11.01625 -11.05880 -11.09098 -11.12771 -11.18721 -11.24069
 -11.29909 -11.37605 -11.43095 -11.48436 -11.55448 -11.60802 -11.66232 -11.73411
 -11.78853 -11.84455 -11.91820 -11.97006 -12.01695 -12.07478 -12.11906 -12.16447
 -11.01501 -11.04782 -11.08108 -11.12378 -11.15589 -11.19240 -11.25098 -11.30310
 -11.35984 -11.43563 -11.49081 -11.54428 -11.61495 -11.67021 -11.72703 -11.80252
 -11.85959 -11.91849 -11.99633 -12.05174 -12.10271 -12.16691 -12.21697 -12.26954
 -11.15110 -11.18357 -11.21657 -11.25935 -11.29145 -11.32655 -11.38211 -11.43192
 -11.48555 -11.55763 -11.61116 -11.66338 -11.73397 -11.79036 -11.84866 -11.92713
 -11.98703 -12.04819 -12.12928 -12.18828 -12.24349 -12.31344 -12.36812 -12.42666
 -11.37489 -11.40675 -11.44029 -11.48333 -11.51390 -11.54724 -11.59885 -11.64363
 -11.69257 -11.76005 -11.81105 -11.86160 -11.93087 -11.98689 -12.04502 -12.12427
 -12.18568 -12.24825 -12.33178 -12.39327 -12.45093 -12.52447 -12.58182 -12.64229
 -11.54431 -11.57579 -11.60938 -11.65274 -11.68312 -11.71529 -11.76449 -11.80735
 -11.85377 -11.91728 -11.96557 -12.01476 -12.08351 -12.13922 -12.19726 -12.27582
 -12.33635 -12.39914 -12.48280 -12.54353 -12.60175 -12.67608 -12.73289 -12.79431
 -11.73698 -11.76842 -11.80106 -11.84318 -11.87344 -11.90493 -11.95167 -11.99203
 -12.03644 -12.09792 -12.14468 -12.19263 -12.25995 -12.31439 -12.37097 -12.44833
 -12.50866 -12.57032 -12.65309 -12.71486 -12.77292 -12.84636 -12.90333 -12.96355
 -11.96697 -11.99747 -12.02938 -12.07164 -12.10245 -12.13276 -12.17639 -12.21491
 -12.25759 -12.31681 -12.36202 -12.40874 -12.47434 -12.52720 -12.58259 -12.65819
 -12.71664 -12.77722 -12.85892 -12.91929 -12.97652 -13.04931 -13.10514 -13.16362
 -12.13557 -12.16544 -12.19696 -12.23898 -12.26964 -12.29978 -12.34276 -12.38006
 -12.42065 -12.47769 -12.52245 -12.56804 -12.63183 -12.68421 -12.73910 -12.81383
 -12.87156 -12.93085 -13.01029 -13.06933 -13.12619 -13.19872 -13.25344 -13.31038
 -12.37713 -12.40658 -12.43824 -12.48046 -12.51058 -12.53985 -12.58138 -12.61741
 -12.65664 -12.71192 -12.75539 -12.79956 -12.86129 -12.91219 -12.96596 -13.03955
 -13.09621 -13.15405 -13.23132 -13.28896 -13.34504 -13.41654 -13.46967 -13.52460
 -12.69023 -12.71800 -12.74786 -12.78961 -12.82123 -12.85088 -12.89049 -12.92451
 -12.96234 -13.01632 -13.05861 -13.10180 -13.16217 -13.21159 -13.26348 -13.33437
 -13.38920 -13.44548 -13.52124 -13.57792 -13.63247 -13.70161 -13.75332 -13.80665
 -12.89849 -12.92624 -12.95647 -12.99823 -13.02908 -13.05835 -13.09734 -13.13004
 -13.16660 -13.21989 -13.26219 -13.30476 -13.36330 -13.41127 -13.46215 -13.53215
 -13.58623 -13.64149 -13.71528 -13.77055 -13.82499 -13.89492 -13.94621 -13.99752
 -13.12041 -13.14762 -13.17721 -13.21822 -13.24881 -13.27814 -13.31670 -13.34835
 -13.38422 -13.43606 -13.47655 -13.51893 -13.57706 -13.62269 -13.67242 -13.74226
 -13.79528 -13.84876 -13.92069 -13.97547 -14.02888 -14.09694 -14.14709 -14.19690
 -13.38443 -13.41163 -13.44119 -13.48218 -13.51275 -13.54205 -13.58053 -13.61208
 -13.64786 -13.69961 -13.74003 -13.78240 -13.84055 -13.88616 -13.93588 -14.00573
 -14.05876 -14.11223 -14.18418 -14.23898 -14.29238 -14.36040 -14.41051 -14.46027
 -13.57184 -13.59903 -13.62860 -13.66958 -13.70014 -13.72941 -13.76785 -13.79936
 -13.83509 -13.88680 -13.92721 -13.96958 -14.02774 -14.07336 -14.12308 -14.19294
 -14.24598 -14.29946 -14.37142 -14.42623 -14.47964 -14.54765 -14.59774 -14.64748
 -13.83597 -13.86316 -13.89273 -13.93370 -13.96424 -13.99350 -14.03188 -14.06333
 -14.09901 -14.15067 -14.19107 -14.23344 -14.29161 -14.33724 -14.38697 -14.45684
 -14.50988 -14.56336 -14.63533 -14.69017 -14.74360 -14.81159 -14.86167 -14.91138
 -14.16874 -14.19594 -14.22549 -14.26646 -14.29699 -14.32622 -14.36454 -14.39594
 -14.43155 -14.48315 -14.52353 -14.56590 -14.62409 -14.66973 -14.71946 -14.78933
 -14.84238 -14.89587 -14.96785 -15.02272 -15.07617 -15.14414 -15.19420 -15.24388
 -14.38794 -14.41513 -14.44469 -14.48564 -14.51617 -14.54538 -14.58367 -14.61503
 -14.65060 -14.70216 -14.74253 -14.78490 -14.84310 -14.88875 -14.93849 -15.00836
 -15.06141 -15.11491 -15.18690 -15.24177 -15.29524 -15.36320 -15.41325 -15.46292
 -14.62029 -14.64748 -14.67703 -14.71798 -14.74850 -14.77770 -14.81596 -14.84729
 -14.88282 -14.93434 -14.97470 -15.01707 -15.07527 -15.12092 -15.17066 -15.24054
 -15.29360 -15.34710 -15.41910 -15.47399 -15.52747 -15.59542 -15.64546 -15.69511
 -14.88442 -14.91161 -14.94116 -14.98211 -15.01262 -15.04181 -15.08004 -15.11133
 -15.14682 -15.19830 -15.23864 -15.28100 -15.33922 -15.38487 -15.43462 -15.50450
 -15.55756 -15.61107 -15.68307 -15.73798 -15.79147 -15.85942 -15.90945 -15.95908
---------------------/ IGRD= 1  / IPRT= 1  /--------/ Z1= 3   / DATE= 18/07/15
 -10.34292 -10.34102 -10.33842 -10.33362 -10.32919 -10.32440 -10.31749 -10.31024
 -10.30046 -10.28371 -10.26790 -10.24780 -10.21287 -10.18501 -10.14073 -10.02958
  -9.95475  -9.88236  -9.70935  -9.52937  -9.31275  -8.95409  -8.62949  -8.26894
 -10.43118 -10.42928 -10.42669 -10.42188 -10.41745 -10.41266 -10.40575 -10.39849
 -10.38870 -10.37194 -10.35615 -10.33604 -10.30110 -10.27361 -10.22975 -10.11789
 -10.04288  -9.97056  -9.79763  -9.61770  -9.40122  -9.04305  -8.71913  -8.36033
 -10.53042 -10.52788 -10.52470 -10.51930 -10.51440 -10.50893 -10.50086 -10.49337
 -10.48141 -10.45814 -10.45588 -10.45942 -10.43300 -10.40354 -10.36804 -10.29301
 -10.22359 -10.14048  -9.98647  -9.83148  -9.63970  -9.32279  -9.03657  -8.71708
 -10.61143 -10.60932 -10.60653 -10.60177 -10.59774 -10.59377 -10.58853 -10.58244
 -10.57297 -10.55652 -10.54870 -10.54133 -10.51612 -10.49036 -10.45812 -10.39862
 -10.35614 -10.30702 -10.19162 -10.07062  -9.92267  -9.67566  -9.44850  -9.19260
 -10.69937 -10.69863 -10.69737 -10.69452 -10.69179 -10.68900 -10.68544 -10.68166
 -10.67685 -10.66914 -10.65878 -10.64468 -10.62489 -10.60810 -10.58505 -10.54011
 -10.50837 -10.47259 -10.38840 -10.30096 -10.19391 -10.01150  -9.83948  -9.64057
 -10.78979 -10.78888 -10.78795 -10.78699 -10.78635 -10.78563 -10.78436 -10.78288
 -10.78125 -10.77921 -10.77611 -10.77081 -10.76086 -10.75206 -10.74140 -10.72099
 -10.69890 -10.67085 -10.62433 -10.57696 -10.51498 -10.40600 -10.29831 -10.16532
 -10.86640 -10.86618 -10.86569 -10.86472 -10.86425 -10.86470 -10.86731 -10.86959
 -10.87247 -10.87804 -10.87982 -10.87831 -10.87388 -10.86931 -10.86238 -10.84743
 -10.83379 -10.81736 -10.78669 -10.75634 -10.71735 -10.64550 -10.57193 -10.47824
 -10.99528 -10.99539 -10.99532 -10.99497 -10.99520 -10.99682 -11.00282 -11.01047
 -11.02125 -11.03879 -11.05034 -11.05814 -11.06266 -11.06300 -11.06103 -11.05444
 -11.04782 -11.03928 -11.02184 -11.00502 -10.98358 -10.94183 -10.89906 -10.84386
 -11.18307 -11.18269 -11.18201 -11.18035 -11.17829 -11.17533 -11.16995 -11.16584
 -11.16371 -11.16729 -11.17515 -11.18567 -11.20064 -11.21140 -11.22129 -11.23298
 -11.24060 -11.24671 -11.25144 -11.25164 -11.24795 -11.23561 -11.21934 -11.19515
 -11.31643 -11.31528 -11.31300 -11.30703 -11.29915 -11.28677 -11.26089 -11.23568
 -11.21212 -11.19532 -11.19687 -11.20785 -11.23019 -11.24907 -11.26836 -11.29436
 -11.31381 -11.33193 -11.35211 -11.36448 -11.37372 -11.37916 -11.37700 -11.36888
 -11.46200 -11.45950 -11.45489 -11.44325 -11.42766 -11.40308 -11.35314 -11.30602
 -11.26281 -11.23120 -11.22937 -11.24149 -11.26982 -11.29493 -11.32169 -11.35905
 -11.38734 -11.41483 -11.44916 -11.47166 -11.49050 -11.50980 -11.51910 -11.52355
 -11.63093 -11.62728 -11.62064 -11.60405 -11.58183 -11.54697 -11.47789 -11.41565
 -11.35957 -11.31656 -11.31182 -11.32416 -11.35552 -11.38421 -11.41486 -11.45845
 -11.49283 -11.52656 -11.56786 -11.59654 -11.62241 -11.65120 -11.66742 -11.67924
 -11.75190 -11.74802 -11.74095 -11.72329 -11.69957 -11.66231 -11.58834 -11.52143
 -11.46048 -11.41181 -11.40434 -11.41536 -11.44630 -11.47578 -11.50765 -11.55249
 -11.58804 -11.62336 -11.66690 -11.69673 -11.72343 -11.75397 -11.77277 -11.78770
 -11.92757 -11.92387 -11.91711 -11.90006 -11.87701 -11.84061 -11.76756 -11.69917
 -11.63435 -11.58010 -11.56898 -11.57778 -11.60774 -11.63657 -11.66801 -11.71229
 -11.74690 -11.78171 -11.82626 -11.85628 -11.88263 -11.91312 -11.93275 -11.94898
 -12.15864 -12.15553 -12.14983 -12.13541 -12.11573 -12.08413 -12.01876 -11.95553
 -11.89339 -11.83788 -11.82361 -11.82905 -11.85653 -11.88287 -11.91103 -11.95232
 -11.98527 -12.01777 -12.05773 -12.08518 -12.10991 -12.13829 -12.15619 -12.17131
 -12.31766 -12.31526 -12.31078 -12.29924 -12.28333 -12.25752 -12.20314 -12.14808
 -12.09137 -12.03869 -12.02397 -12.02752 -12.05085 -12.07451 -12.10035 -12.13714
 -12.16582 -12.19403 -12.22887 -12.25287 -12.27451 -12.29889 -12.31457 -12.32835
 -12.49241 -12.49059 -12.48743 -12.47954 -12.46854 -12.45019 -12.40995 -12.36815
 -12.32312 -12.27644 -12.26173 -12.26370 -12.28184 -12.30104 -12.32232 -12.35191
 -12.37495 -12.39746 -12.42431 -12.44321 -12.46053 -12.47922 -12.49183 -12.50364
 -12.69775 -12.69752 -12.69632 -12.69187 -12.68511 -12.67372 -12.64831 -12.62030
 -12.58819 -12.55303 -12.54084 -12.54100 -12.55371 -12.56764 -12.58270 -12.60314
 -12.61881 -12.63422 -12.65359 -12.66659 -12.67811 -12.69191 -12.70086 -12.70929
 -12.84788 -12.84763 -12.84672 -12.84362 -12.83897 -12.83112 -12.81335 -12.79316
 -12.76944 -12.74281 -12.73267 -12.73219 -12.74205 -12.75241 -12.76352 -12.77874
 -12.78978 -12.80081 -12.81644 -12.82561 -12.83295 -12.84507 -12.85313 -12.85977
 -13.06301 -13.06245 -13.06158 -13.05966 -13.05704 -13.05254 -13.04205 -13.03010
 -13.01571 -12.99836 -12.99149 -12.99102 -12.99731 -13.00400 -13.01109 -13.02069
 -13.02775 -13.03498 -13.04503 -13.05071 -13.05540 -13.06400 -13.07044 -13.07612
 -13.34151 -13.34136 -13.34103 -13.34011 -13.33878 -13.33654 -13.33129 -13.32502
 -13.31754 -13.30912 -13.30566 -13.30518 -13.30830 -13.31174 -13.31543 -13.32092
 -13.32524 -13.32925 -13.33385 -13.33768 -13.34186 -13.34692 -13.35094 -13.35598
 -13.52979 -13.52955 -13.52923 -13.52863 -13.52781 -13.52640 -13.52304 -13.51921
 -13.51456 -13.50891 -13.50713 -13.50762 -13.50957 -13.51162 -13.51402 -13.51728
 -13.51992 -13.52283 -13.52690 -13.52930 -13.53169 -13.53676 -13.54058 -13.54460
 -13.72920 -13.72996 -13.73049 -13.73039 -13.72978 -13.72881 -13.72681 -13.72412
 -13.72067 -13.71682 -13.71562 -13.71583 -13.71698 -13.71838 -13.71986 -13.72135
 -13.72394 -13.72706 -13.72856 -13.73012 -13.73274 -13.73591 -13.73925 -13.74395
 -13.95427 -13.95431 -13.95438 -13.95444 -13.95421 -13.95348 -13.95191 -13.95217
 -13.95290 -13.95119 -13.94998 -13.94990 -13.95057 -13.95128 -13.95211 -13.95327
 -13.95369 -13.95465 -13.95869 -13.96028 -13.96047 -13.96327 -13.96727 -13.97195
 -14.10755 -14.10742 -14.10732 -14.10723 -14.10708 -14.10669 -14.10576 -14.10544
 -14.10518 -14.10388 -14.10341 -14.10367 -14.10408 -14.10474 -14.10561 -14.10635
 -14.10687 -14.10791 -14.11047 -14.11179 -14.11266 -14.11537 -14.11866 -14.12263
 -14.36407 -14.36405 -14.36403 -14.36395 -14.36384 -14.36363 -14.36316 -14.36264
 -14.36198 -14.36109 -14.36104 -14.36139 -14.36162 -14.36216 -14.36292 -14.36330
 -14.36398 -14.36516 -14.36661 -14.36771 -14.36904 -14.37150 -14.37440 -14.37819
 -14.69685 -14.69684 -14.69683 -14.69679 -14.69673 -14.69662 -14.69636 -14.69609
 -14.69573 -14.69522 -14.69534 -14.69572 -14.69584 -14.69625 -14.69686 -14.69705
 -14.69759 -14.69864 -14.69993 -14.70092 -14.70216 -14.70451 -14.70735 -14.71109
 -14.91605 -14.91605 -14.91604 -14.91601 -14.91597 -14.91590 -14.91572 -14.91555
 -14.91531 -14.91495 -14.91512 -14.91552 -14.91560 -14.91596 -14.91651 -14.91662
 -14.91711 -14.91811 -14.91933 -14.92028 -14.92148 -14.92380 -14.92661 -14.93033
 -15.14840 -15.14840 -15.14839 -15.14838 -15.14835 -15.14830 -15.14819 -15.14808
 -15.14792 -15.14767 -15.14789 -15.14829 -15.14834 -15.14867 -15.14917 -15.14923
 -15.14969 -15.15065 -15.15183 -15.15275 -15.15393 -15.15622 -15.15901 -15.16271
 -15.41254 -15.41254 -15.41253 -15.41253 -15.41251 -15.41248 -15.41241 -15.41235
 -15.41225 -15.41207 -15.41232 -15.41273 -15.41276 -15.41306 -15.41353 -15.41356
 -15.41398 -15.41492 -15.41607 -15.41697 -15.41813 -15.42040 -15.42318 -15.42687
---------------------/ IGRD= 1  / IPRT= 1  /--------/ Z1= 4   / DATE= 18/07/15
 -10.70257 -10.68342 -10.66331 -10.63506 -10.61220 -10.58782 -10.55377 -10.52787
 -10.50297 -10.46945 -10.43892 -10.40354 -10.34898 -10.30028 -10.24608 -10.16199
 -10.08125  -9.98715  -9.83721  -9.69181  -9.51934  -9.24916  -9.00663  -8.73252
 -10.79061 -10.77147 -10.75135 -10.72311 -10.70024 -10.67586 -10.64181 -10.61591
 -10.59102 -10.55750 -10.52696 -10.49159 -10.43703 -10.38833 -10.33412 -10.25004
 -10.16929 -10.07519  -9.92525  -9.77985  -9.60738  -9.33720  -9.09468  -8.82056
 -10.90154 -10.88239 -10.86228 -10.83403 -10.81117 -10.78679 -10.75274 -10.72684
 -10.70194 -10.66842 -10.63789 -10.60251 -10.54795 -10.49925 -10.44505 -10.36096
 -10.28022 -10.18612 -10.03618  -9.89078  -9.71831  -9.44813  -9.20560  -8.93149
 -10.97417 -10.95506 -10.93497 -10.90677 -10.88394 -10.85961 -10.82561 -10.79976
 -10.77489 -10.74140 -10.71090 -10.67556 -10.62105 -10.57240 -10.51823 -10.43422
 -10.35357 -10.25953 -10.10962  -9.96432  -9.79198  -9.52196  -9.27958  -9.00563
 -10.92285 -10.91199 -10.90043 -10.88382 -10.86982 -10.85420 -10.83142 -10.81380
 -10.79697 -10.77479 -10.75460 -10.73045 -10.69171 -10.65642 -10.61530 -10.55069
 -10.49223 -10.42165 -10.30274 -10.18860 -10.05134  -9.83179  -9.63500  -9.41021
 -10.87796 -10.87558 -10.87227 -10.86520 -10.85649 -10.84390 -10.82284 -10.80802
 -10.79852 -10.79160 -10.78115 -10.76736 -10.74548 -10.72283 -10.69680 -10.65215
 -10.60272 -10.56067 -10.51075 -10.43117 -10.32541 -10.16304 -10.01265  -9.83659
 -10.84137 -10.84549 -10.84935 -10.85373 -10.85619 -10.85769 -10.85820 -10.85796
 -10.85759 -10.85578 -10.85126 -10.84443 -10.83256 -10.82082 -10.80653 -10.78147
 -10.75443 -10.71997 -10.66074 -10.60136 -10.52759 -10.40463 -10.28841 -10.14967
 -10.78672 -10.79942 -10.81227 -10.82934 -10.84204 -10.85428 -10.86938 -10.87966
 -10.88871 -10.89864 -10.90483 -10.91011 -10.91534 -10.91709 -10.91654 -10.91120
 -10.90249 -10.88988 -10.86489 -10.83539 -10.79556 -10.72508 -10.65487 -10.56551
 -10.73671 -10.75727 -10.77876 -10.80861 -10.83203 -10.85593 -10.88739 -10.90986
 -10.93010 -10.95371 -10.97115 -10.98884 -11.01222 -11.02890 -11.04399 -11.06069
 -11.07029 -11.07622 -11.07739 -11.07312 -11.06296 -11.03746 -11.00624 -10.96103
 -10.75800 -10.78175 -10.80626 -10.83977 -10.86628 -10.89409 -10.93208 -10.95988
 -10.98518 -11.01497 -11.03741 -11.06074 -11.09250 -11.11586 -11.13812 -11.16474
 -11.18149 -11.19591 -11.21119 -11.21784 -11.21932 -11.21159 -11.19620 -11.17016
 -10.82690 -10.85198 -10.87794 -10.91362 -10.94205 -10.97208 -11.01345 -11.04405
 -11.07228 -11.10616 -11.13198 -11.15859 -11.19477 -11.22235 -11.24887 -11.28086
 -11.30267 -11.32276 -11.34627 -11.36033 -11.37023 -11.37498 -11.37031 -11.35756
 -10.94889 -10.97469 -11.00107 -11.03682 -11.06523 -11.09545 -11.13762 -11.16918
 -11.19858 -11.23379 -11.25989 -11.28721 -11.32568 -11.35498 -11.38277 -11.41642
 -11.44063 -11.46373 -11.49117 -11.50816 -11.52229 -11.53593 -11.54005 -11.53812
 -11.05467 -11.08005 -11.10594 -11.14097 -11.16871 -11.19813 -11.23918 -11.27021
 -11.29966 -11.33530 -11.36086 -11.38727 -11.42460 -11.45295 -11.48037 -11.51435
 -11.53827 -11.56106 -11.58894 -11.60695 -11.62292 -11.64018 -11.64775 -11.65108
 -11.22334 -11.24808 -11.27328 -11.30719 -11.33387 -11.36198 -11.40096 -11.43027
 -11.45799 -11.49171 -11.51631 -11.54105 -11.57494 -11.60155 -11.62725 -11.65816
 -11.68003 -11.70167 -11.72981 -11.74914 -11.76701 -11.78780 -11.79947 -11.80834
 -11.46204 -11.48558 -11.50922 -11.54041 -11.56464 -11.59009 -11.62554 -11.65261
 -11.67887 -11.71062 -11.73193 -11.75386 -11.78533 -11.80801 -11.83052 -11.85982
 -11.87910 -11.89778 -11.92404 -11.94413 -11.96361 -11.98751 -12.00358 -12.01688
 -11.62441 -11.64701 -11.66953 -11.69881 -11.72140 -11.74515 -11.77834 -11.80359
 -11.82785 -11.85707 -11.87695 -11.89675 -11.92446 -11.94565 -11.96628 -11.99192
 -12.00999 -12.02779 -12.05192 -12.07051 -12.08937 -12.11390 -12.13084 -12.14571
 -11.79196 -11.81244 -11.83282 -11.85919 -11.87934 -11.90029 -11.92931 -11.95150
 -11.97315 -11.99944 -12.01674 -12.03399 -12.05819 -12.07576 -12.09316 -12.11578
 -12.13109 -12.14617 -12.16765 -12.18481 -12.20225 -12.22499 -12.24149 -12.25655
 -11.96649 -11.98387 -12.00109 -12.02335 -12.04023 -12.05753 -12.08118 -12.09919
 -12.11690 -12.13847 -12.15229 -12.16563 -12.18445 -12.19886 -12.21259 -12.22975
 -12.24294 -12.25563 -12.27195 -12.28601 -12.30129 -12.32215 -12.33782 -12.35267
 -12.08055 -12.09577 -12.11072 -12.12971 -12.14399 -12.15868 -12.17883 -12.19405
 -12.20870 -12.22643 -12.23833 -12.24960 -12.26467 -12.27650 -12.28820 -12.30289
 -12.31360 -12.32420 -12.33877 -12.35096 -12.36446 -12.38393 -12.39880 -12.41309
 -12.22757 -12.23938 -12.25103 -12.26587 -12.27687 -12.28785 -12.30254 -12.31380
 -12.32519 -12.33954 -12.34869 -12.35714 -12.36838 -12.37681 -12.38519 -12.39651
 -12.40543 -12.41350 -12.42384 -12.43459 -12.44679 -12.46300 -12.47546 -12.48857
 -12.38363 -12.39205 -12.40004 -12.40969 -12.41680 -12.42419 -12.43454 -12.44232
 -12.44958 -12.45808 -12.46395 -12.46963 -12.47691 -12.48207 -12.48758 -12.49557
 -12.50116 -12.50672 -12.51498 -12.52240 -12.53082 -12.54321 -12.55337 -12.56435
 -12.46819 -12.47429 -12.48001 -12.48687 -12.49191 -12.49716 -12.50459 -12.51022
 -12.51555 -12.52199 -12.52663 -12.53087 -12.53589 -12.53971 -12.54379 -12.54941
 -12.55348 -12.55771 -12.56417 -12.56991 -12.57638 -12.58602 -12.59426 -12.60372
 -12.54163 -12.54583 -12.54985 -12.55486 -12.55856 -12.56234 -12.56745 -12.57117
 -12.57456 -12.57839 -12.58096 -12.58359 -12.58729 -12.59000 -12.59287 -12.59697
 -12.59994 -12.60304 -12.60749 -12.61089 -12.61502 -12.62276 -12.63063 -12.63968
 -12.60389 -12.60655 -12.60932 -12.61298 -12.61552 -12.61768 -12.62006 -12.62206
 -12.62472 -12.62844 -12.62975 -12.63084 -12.63319 -12.63486 -12.63622 -12.63832
 -12.64109 -12.64378 -12.64624 -12.64820 -12.65076 -12.65588 -12.66171 -12.66888
 -12.63921 -12.64091 -12.64264 -12.64500 -12.64673 -12.64832 -12.65026 -12.65186
 -12.65381 -12.65607 -12.65633 -12.65688 -12.65934 -12.66110 -12.66207 -12.66282
 -12.66447 -12.66646 -12.66878 -12.67073 -12.67285 -12.67612 -12.67971 -12.68563
 -12.66136 -12.66220 -12.66291 -12.66377 -12.66464 -12.66596 -12.66824 -12.66967
 -12.67022 -12.67041 -12.67183 -12.67280 -12.67282 -12.67419 -12.67557 -12.67585
 -12.67576 -12.67629 -12.67830 -12.68013 -12.68182 -12.68436 -12.68770 -12.69249
 -12.82169 -12.82250 -12.82330 -12.82439 -12.82526 -12.82617 -12.82738 -12.82814
 -12.82865 -12.82898 -12.82918 -12.82916 -12.82944 -12.83090 -12.83203 -12.83207
 -12.83236 -12.83249 -12.83276 -12.83451 -12.83584 -12.83657 -12.83945 -12.84448
 -13.04088 -13.04170 -13.04250 -13.04359 -13.04445 -13.04537 -13.04657 -13.04734
 -13.04785 -13.04818 -13.04837 -13.04835 -13.04864 -13.05010 -13.05123 -13.05127
 -13.05156 -13.05168 -13.05196 -13.05371 -13.05503 -13.05576 -13.05865 -13.06367
 -13.27323 -13.27405 -13.27485 -13.27594 -13.27680 -13.27772 -13.27892 -13.27969
 -13.28020 -13.28053 -13.28072 -13.28070 -13.28099 -13.28245 -13.28358 -13.28362
 -13.28391 -13.28403 -13.28431 -13.28606 -13.28738 -13.28811 -13.29100 -13.29602
 -13.53737 -13.53818 -13.53898 -13.54007 -13.54094 -13.54185 -13.54306 -13.54382
 -13.54433 -13.54466 -13.54486 -13.54484 -13.54512 -13.54658 -13.54771 -13.54775
 -13.54804 -13.54817 -13.54844 -13.55019 -13.55152 -13.55225 -13.55513 -13.56016
---------------------/ IGRD= 1  / IPRT= 1  /--------/ Z1= 5   / DATE= 18/07/15
 -10.32326 -10.30546 -10.28493 -10.28720 -10.33723 -10.42449 -10.49183 -10.47929
 -10.45536 -10.41662 -10.39031 -10.36655 -10.32306 -10.27976 -10.22894 -10.14904
 -10.07774  -9.99528  -9.86440  -9.74421  -9.60213  -9.37786  -9.18214  -8.96378
 -10.45725 -10.44237 -10.42503 -10.42482 -10.46246 -10.52919 -10.57988 -10.56734
 -10.54341 -10.50467 -10.47835 -10.45459 -10.41110 -10.36780 -10.31698 -10.23709
 -10.16578 -10.08333  -9.95245  -9.83225  -9.69017  -9.46591  -9.27018  -9.05183
 -10.62605 -10.61487 -10.60152 -10.59821 -10.62023 -10.66110 -10.69080 -10.67826
 -10.65433 -10.61559 -10.58928 -10.56552 -10.52203 -10.47873 -10.42791 -10.34801
 -10.27671 -10.19425 -10.06337  -9.94318  -9.80110  -9.57683  -9.38111  -9.16275
 -10.73725 -10.72848 -10.71778 -10.71241 -10.72415 -10.74799 -10.76387 -10.75133
 -10.72740 -10.68866 -10.66234 -10.63858 -10.59509 -10.55179 -10.50097 -10.42108
 -10.34977 -10.26732 -10.13644 -10.01624  -9.87416  -9.64990  -9.45417  -9.23582
 -10.85511 -10.84892 -10.84101 -10.83347 -10.83431 -10.84009 -10.84132 -10.82878
 -10.80485 -10.76611 -10.73979 -10.71603 -10.67254 -10.62924 -10.57842 -10.49853
 -10.42722 -10.34477 -10.21389 -10.09369  -9.95161  -9.72735  -9.53162  -9.31327
 -10.98778 -10.98421 -10.97932 -10.97044 -10.96163 -10.95104 -10.93505 -10.92195
 -10.90726 -10.88141 -10.85400 -10.82635 -10.81179 -10.79150 -10.74705 -10.67555
 -10.61528 -10.54622 -10.43428 -10.33006 -10.20742 -10.01732  -9.84996  -9.66034
 -11.07767 -11.07491 -11.07149 -11.06533 -11.05894 -11.05090 -11.03808 -11.02722
 -11.01542 -10.99654 -10.97833 -10.95725 -10.92831 -10.90027 -10.86264 -10.79979
 -10.74577 -10.68377 -10.57777 -10.49753 -10.41776 -10.26283 -10.11507  -9.95279
 -11.20653 -11.20465 -11.20233 -11.19843 -11.19471 -11.19017 -11.18265 -11.17553
 -11.16708 -11.15426 -11.14362 -11.13076 -11.10542 -11.08162 -11.05475 -11.01074
 -10.97148 -10.92635 -10.85221 -10.78707 -10.71287 -10.58902 -10.47774 -10.35294
 -11.37060 -11.36935 -11.36800 -11.36584 -11.36377 -11.36121 -11.35697 -11.35303
 -11.34835 -11.34092 -11.33424 -11.32624 -11.31227 -11.29871 -11.28245 -11.25657
 -11.23320 -11.20567 -11.16077 -11.11914 -11.07011 -10.99249 -10.92140 -10.83823
 -11.48027 -11.47958 -11.47878 -11.47744 -11.47613 -11.47447 -11.47156 -11.46865
 -11.46511 -11.45963 -11.45504 -11.44982 -11.44073 -11.43173 -11.42056 -11.40189
 -11.38499 -11.36551 -11.33397 -11.30410 -11.26806 -11.21047 -11.15879 -11.09896
 -11.59726 -11.59726 -11.59701 -11.59616 -11.59504 -11.59348 -11.59095 -11.58885
 -11.58662 -11.58340 -11.58065 -11.57721 -11.57056 -11.56457 -11.55780 -11.54555
 -11.53358 -11.51962 -11.49819 -11.47799 -11.45307 -11.41286 -11.37686 -11.33510
 -11.73138 -11.73108 -11.73046 -11.72940 -11.72860 -11.72787 -11.72697 -11.72627
 -11.72538 -11.72339 -11.72087 -11.71787 -11.71481 -11.71109 -11.70521 -11.69703
 -11.69036 -11.68220 -11.66776 -11.65479 -11.63999 -11.61461 -11.59085 -11.56337
 -11.82989 -11.82990 -11.82991 -11.82975 -11.82936 -11.82867 -11.82734 -11.82605
 -11.82468 -11.82337 -11.82321 -11.82286 -11.81880 -11.81566 -11.81332 -11.80641
 -11.80145 -11.79771 -11.78722 -11.77681 -11.76586 -11.74737 -11.73074 -11.71183
 -11.98525 -11.98518 -11.98499 -11.98464 -11.98434 -11.98402 -11.98349 -11.98296
 -11.98232 -11.98149 -11.98102 -11.98044 -11.97847 -11.97655 -11.97495 -11.97328
 -11.96946 -11.96365 -11.95984 -11.95484 -11.94574 -11.93569 -11.92592 -11.91216
 -12.12316 -12.12311 -12.12318 -12.12335 -12.12344 -12.12345 -12.12334 -12.12316
 -12.12291 -12.12252 -12.12223 -12.12190 -12.12125 -12.12070 -12.11999 -12.11830
 -12.11732 -12.11662 -12.11381 -12.11121 -12.10889 -12.10475 -12.10096 -12.09677
 -12.11447 -12.11442 -12.11431 -12.11418 -12.11421 -12.11436 -12.11468 -12.11495
 -12.11519 -12.11543 -12.11552 -12.11546 -12.11505 -12.11503 -12.11550 -12.11626
 -12.11629 -12.11582 -12.11559 -12.11583 -12.11620 -12.11649 -12.11695 -12.11807
 -12.01160 -12.01156 -12.01146 -12.01123 -12.01096 -12.01070 -12.01083 -12.01163
 -12.01299 -12.01471 -12.01523 -12.01491 -12.01437 -12.01541 -12.01808 -12.02166
 -12.02242 -12.02195 -12.02443 -12.02770 -12.03095 -12.03651 -12.04248 -12.05033
 -11.85251 -11.85303 -11.85402 -11.85541 -11.85602 -11.85611 -11.85589 -11.85588
 -11.85630 -11.85778 -11.85979 -11.86184 -11.86210 -11.86237 -11.86451 -11.86949
 -11.87245 -11.87426 -11.87884 -11.88253 -11.88652 -11.89808 -11.90861 -11.91960
 -11.77603 -11.77602 -11.77605 -11.77629 -11.77674 -11.77742 -11.77840 -11.77899
 -11.77946 -11.78041 -11.78178 -11.78356 -11.78534 -11.78649 -11.78815 -11.79196
 -11.79544 -11.79866 -11.80234 -11.80685 -11.81366 -11.82374 -11.83408 -11.84862
 -11.76393 -11.76426 -11.76489 -11.76576 -11.76612 -11.76617 -11.76629 -11.76685
 -11.76799 -11.77011 -11.77194 -11.77376 -11.77593 -11.77738 -11.77901 -11.78249
 -11.78585 -11.78922 -11.79309 -11.79682 -11.80244 -11.81349 -11.82549 -11.84110
 -11.87760 -11.87791 -11.87852 -11.87937 -11.87972 -11.87985 -11.88042 -11.88177
 -11.88387 -11.88624 -11.88652 -11.88601 -11.88795 -11.89033 -11.89250 -11.89640
 -11.89991 -11.90352 -11.90868 -11.91352 -11.91973 -11.93076 -11.94248 -11.95823
 -11.99970 -11.99956 -11.99933 -11.99929 -11.99975 -12.00075 -12.00263 -12.00425
 -12.00580 -12.00722 -12.00744 -12.00754 -12.01011 -12.01296 -12.01553 -12.01875
 -12.02093 -12.02345 -12.02945 -12.03465 -12.04003 -12.05094 -12.06285 -12.07823
 -12.15706 -12.15732 -12.15765 -12.15815 -12.15855 -12.15897 -12.15973 -12.16056
 -12.16160 -12.16305 -12.16400 -12.16505 -12.16766 -12.16993 -12.17209 -12.17564
 -12.17852 -12.18152 -12.18668 -12.19139 -12.19701 -12.20765 -12.21894 -12.23372
 -12.36371 -12.36406 -12.36438 -12.36477 -12.36504 -12.36532 -12.36572 -12.36609
 -12.36663 -12.36796 -12.36971 -12.37171 -12.37324 -12.37490 -12.37765 -12.38089
 -12.38347 -12.38686 -12.39245 -12.39677 -12.40155 -12.41182 -12.42292 -12.43716
 -12.52053 -12.52078 -12.52123 -12.52192 -12.52238 -12.52277 -12.52333 -12.52395
 -12.52478 -12.52610 -12.52718 -12.52835 -12.53036 -12.53229 -12.53454 -12.53791
 -12.54082 -12.54415 -12.54925 -12.55308 -12.55750 -12.56781 -12.57854 -12.59170
 -12.74652 -12.74648 -12.74645 -12.74658 -12.74692 -12.74751 -12.74853 -12.74938
 -12.75026 -12.75155 -12.75270 -12.75414 -12.75669 -12.75829 -12.75982 -12.76412
 -12.76673 -12.76834 -12.77417 -12.77833 -12.78149 -12.79183 -12.80199 -12.81327
 -13.03201 -13.03189 -13.03175 -13.03190 -13.03255 -13.03362 -13.03494 -13.03527
 -13.03502 -13.03517 -13.03671 -13.03893 -13.03946 -13.04025 -13.04274 -13.04575
 -13.04803 -13.05096 -13.05584 -13.06055 -13.06563 -13.07134 -13.07891 -13.09151
 -13.23373 -13.23375 -13.23389 -13.23420 -13.23450 -13.23485 -13.23540 -13.23591
 -13.23654 -13.23767 -13.23881 -13.24009 -13.24159 -13.24290 -13.24463 -13.24749
 -13.25017 -13.25325 -13.25741 -13.26075 -13.26476 -13.27245 -13.28045 -13.29087
 -13.46600 -13.46602 -13.46616 -13.46647 -13.46677 -13.46712 -13.46767 -13.46818
 -13.46881 -13.46994 -13.47108 -13.47237 -13.47386 -13.47517 -13.47690 -13.47976
 -13.48245 -13.48552 -13.48969 -13.49302 -13.49703 -13.50472 -13.51272 -13.52313
 -13.73007 -13.73010 -13.73023 -13.73055 -13.73085 -13.73119 -13.73174 -13.73225
 -13.73289 -13.73401 -13.73515 -13.73644 -13.73794 -13.73924 -13.74098 -13.74384
 -13.74652 -13.74959 -13.75376 -13.75709 -13.76110 -13.76879 -13.77679 -13.78721
---------------------/ IGRD= 1  / IPRT= 1  /--------/ Z1= 6   / DATE= 18/07/15
 -10.11001 -10.11741 -10.12726 -10.13130 -10.12817 -10.12564 -10.12990 -10.13057
 -10.11569 -10.05533  -9.98647  -9.91815  -9.85953  -9.81193  -9.72858  -9.58967
  -9.50879  -9.43964  -9.20613  -8.97255  -8.77010  -8.38629  -8.07890  -7.84836
 -10.24272 -10.24796 -10.25506 -10.25713 -10.25357 -10.25029 -10.25179 -10.25066
 -10.23653 -10.18389 -10.12484 -10.06621 -10.01384  -9.97019  -9.89591  -9.77259
  -9.69702  -9.62957  -9.42348  -9.21898  -9.03516  -8.68792  -8.41051  -8.19128
 -10.40955 -10.41219 -10.41595 -10.41562 -10.41154 -10.40733 -10.40530 -10.40174
 -10.38845 -10.34570 -10.29917 -10.25269 -10.20808 -10.16942 -10.10654 -10.00275
  -9.93403  -9.86883  -9.69731  -9.52878  -9.36773  -9.06790  -8.82766  -8.62320
 -10.51921 -10.52021 -10.52185 -10.51999 -10.51558 -10.51077 -10.50639 -10.50113
 -10.48833 -10.45219 -10.41399 -10.37548 -10.33591 -10.30055 -10.24518 -10.15417
 -10.09006 -10.02643  -9.87768  -9.73242  -9.58592  -9.31816  -9.10204  -8.90762
 -10.63525 -10.63457 -10.63403 -10.63059 -10.62585 -10.62042 -10.61351 -10.60637
 -10.59402 -10.56499 -10.53571 -10.50561 -10.47132 -10.43945 -10.39205 -10.31453
 -10.25538 -10.19347 -10.06886  -9.94793  -9.81643  -9.58343  -9.39257  -9.20905
 -10.76691 -10.76441 -10.76147 -10.75630 -10.75120 -10.74506 -10.73524 -10.72588
 -10.71396 -10.69313 -10.67407 -10.65349 -10.62513 -10.59725 -10.55889 -10.49662
 -10.44323 -10.38335 -10.28620 -10.19245 -10.07749  -9.88496  -9.72243  -9.55162
 -10.85798 -10.85488 -10.85114 -10.84551 -10.84042 -10.83400 -10.82262 -10.81207
 -10.80063 -10.78512 -10.77252 -10.75787 -10.73327 -10.70817 -10.67597 -10.62392
 -10.57465 -10.51668 -10.43859 -10.36278 -10.25850 -10.09578  -9.95498  -9.79503
 -10.96821 -10.96972 -10.97184 -10.97182 -10.96897 -10.96426 -10.95604 -10.94854
 -10.93988 -10.92652 -10.91460 -10.90062 -10.87816 -10.85700 -10.83112 -10.78823
 -10.74564 -10.69602 -10.63779 -10.57610 -10.48376 -10.36569 -10.26891 -10.14070
 -11.13740 -11.13592 -11.13418 -11.13169 -11.12954 -11.12690 -11.12225 -11.11771
 -11.11228 -11.10368 -11.09603 -11.08727 -11.07371 -11.06089 -11.04460 -11.01661
 -10.99068 -10.96066 -10.91260 -10.86945 -10.81918 -10.73472 -10.65659 -10.56739
 -11.23985 -11.23915 -11.23836 -11.23695 -11.23550 -11.23364 -11.23043 -11.22734
 -11.22358 -11.21745 -11.21198 -11.20588 -11.19686 -11.18794 -11.17603 -11.15646
 -11.13813 -11.11615 -11.08272 -11.05205 -11.01422 -10.95296 -10.89748 -10.83269
 -11.35220 -11.35167 -11.35114 -11.35032 -11.34949 -11.34838 -11.34633 -11.34424
 -11.34159 -11.33714 -11.33318 -11.32895 -11.32308 -11.31722 -11.30905 -11.29547
 -11.28289 -11.26784 -11.24435 -11.22268 -11.19626 -11.15316 -11.11344 -11.06661
 -11.48130 -11.48081 -11.48033 -11.47996 -11.47974 -11.47930 -11.47796 -11.47637
 -11.47444 -11.47160 -11.46923 -11.46654 -11.46234 -11.45884 -11.45464 -11.44537
 -11.43669 -11.42778 -11.41207 -11.39743 -11.38103 -11.35267 -11.32586 -11.29499
 -11.57400 -11.57402 -11.57386 -11.57312 -11.57217 -11.57103 -11.56944 -11.56825
 -11.56710 -11.56569 -11.56457 -11.56322 -11.56073 -11.55782 -11.55386 -11.54805
 -11.54243 -11.53479 -11.52254 -11.51219 -11.50047 -11.47997 -11.46027 -11.43741
 -11.70732 -11.70742 -11.70730 -11.70701 -11.70676 -11.70646 -11.70591 -11.70537
 -11.70471 -11.70362 -11.70265 -11.70156 -11.69992 -11.69816 -11.69574 -11.69212
 -11.68846 -11.68364 -11.67742 -11.67145 -11.66291 -11.64995 -11.63839 -11.62392
 -11.88297 -11.88287 -11.88271 -11.88243 -11.88222 -11.88204 -11.88188 -11.88178
 -11.88158 -11.88104 -11.88046 -11.87982 -11.87900 -11.87815 -11.87689 -11.87498
 -11.87319 -11.87086 -11.86705 -11.86356 -11.85942 -11.85269 -11.84627 -11.83850
 -11.95956 -11.95947 -11.95935 -11.95921 -11.95912 -11.95906 -11.95900 -11.95896
 -11.95891 -11.95878 -11.95863 -11.95839 -11.95795 -11.95767 -11.95747 -11.95664
 -11.95574 -11.95490 -11.95349 -11.95211 -11.95038 -11.94711 -11.94403 -11.94062
 -11.95516 -11.95519 -11.95518 -11.95515 -11.95516 -11.95525 -11.95553 -11.95587
 -11.95625 -11.95676 -11.95714 -11.95750 -11.95800 -11.95864 -11.95961 -11.96086
 -11.96189 -11.96328 -11.96578 -11.96776 -11.96952 -11.97219 -11.97440 -11.97663
 -11.85905 -11.85939 -11.85971 -11.86003 -11.86025 -11.86058 -11.86132 -11.86212
 -11.86304 -11.86436 -11.86549 -11.86686 -11.86917 -11.87117 -11.87335 -11.87735
 -11.88119 -11.88555 -11.89262 -11.89884 -11.90566 -11.91618 -11.92544 -11.93587
 -11.79534 -11.79626 -11.79707 -11.79751 -11.79746 -11.79743 -11.79791 -11.79877
 -11.79999 -11.80202 -11.80381 -11.80578 -11.80861 -11.81102 -11.81389 -11.81899
 -11.82404 -11.83011 -11.83949 -11.84752 -11.85660 -11.87132 -11.88448 -11.89911
 -11.76822 -11.76816 -11.76825 -11.76889 -11.76973 -11.77065 -11.77170 -11.77247
 -11.77350 -11.77562 -11.77768 -11.77979 -11.78225 -11.78455 -11.78816 -11.79530
 -11.80145 -11.80761 -11.81808 -11.82780 -11.83862 -11.85592 -11.87173 -11.88991
 -11.84972 -11.84998 -11.85029 -11.85076 -11.85120 -11.85177 -11.85281 -11.85383
 -11.85507 -11.85704 -11.85885 -11.86101 -11.86453 -11.86765 -11.87123 -11.87729
 -11.88324 -11.89057 -11.90235 -11.91265 -11.92422 -11.94268 -11.95958 -11.97936
 -11.95756 -11.95779 -11.95805 -11.95856 -11.95908 -11.95972 -11.96071 -11.96163
 -11.96280 -11.96489 -11.96688 -11.96918 -11.97265 -11.97569 -11.97928 -11.98532
 -11.99117 -11.99833 -12.00985 -12.02028 -12.03235 -12.05108 -12.06832 -12.08896
 -12.10456 -12.10475 -12.10500 -12.10537 -12.10573 -12.10620 -12.10708 -12.10797
 -12.10905 -12.11080 -12.11245 -12.11454 -12.11814 -12.12132 -12.12486 -12.13094
 -12.13676 -12.14361 -12.15477 -12.16515 -12.17735 -12.19616 -12.21322 -12.23346
 -12.30115 -12.30057 -12.30023 -12.29990 -12.29978 -12.29995 -12.30083 -12.30193
 -12.30321 -12.30491 -12.30634 -12.30820 -12.31169 -12.31462 -12.31766 -12.32383
 -12.32981 -12.33631 -12.34750 -12.35768 -12.36885 -12.38708 -12.40365 -12.42272
 -12.44973 -12.44983 -12.45009 -12.45027 -12.45031 -12.45046 -12.45113 -12.45198
 -12.45299 -12.45440 -12.45575 -12.45772 -12.46176 -12.46525 -12.46846 -12.47301
 -12.47768 -12.48417 -12.49555 -12.50568 -12.51678 -12.53405 -12.55030 -12.57001
 -12.66889 -12.67016 -12.67077 -12.67212 -12.67372 -12.67538 -12.67705 -12.67789
 -12.67861 -12.67975 -12.68105 -12.68299 -12.68683 -12.69024 -12.69348 -12.69755
 -12.70182 -12.70830 -12.71953 -12.72921 -12.73976 -12.75691 -12.77287 -12.79153
 -12.99919 -12.99957 -12.99906 -12.99575 -12.99181 -12.98801 -12.98519 -12.98493
 -12.98567 -12.98728 -12.98875 -12.99056 -12.99362 -12.99655 -12.99994 -13.00474
 -13.00917 -13.01501 -13.02489 -13.03401 -13.04465 -13.06134 -13.07638 -13.09411
 -13.20411 -13.20455 -13.20415 -13.20131 -13.19792 -13.19467 -13.19233 -13.19219
 -13.19290 -13.19431 -13.19560 -13.19723 -13.20019 -13.20305 -13.20631 -13.21090
 -13.21518 -13.22084 -13.23051 -13.23921 -13.24912 -13.26539 -13.28006 -13.29696
 -13.42943 -13.42960 -13.42891 -13.42570 -13.42212 -13.41886 -13.41688 -13.41717
 -13.41821 -13.41959 -13.42058 -13.42195 -13.42492 -13.42773 -13.43068 -13.43537
 -13.43983 -13.44528 -13.45444 -13.46275 -13.47235 -13.48860 -13.50316 -13.51947
 -13.69356 -13.69374 -13.69305 -13.68983 -13.68626 -13.68299 -13.68101 -13.68130
 -13.68235 -13.68373 -13.68472 -13.68609 -13.68906 -13.69187 -13.69481 -13.69951
 -13.70397 -13.70941 -13.71858 -13.72689 -13.73648 -13.75273 -13.76729 -13.78360
---------------------/ IGRD= 1  / IPRT= 1  /--------/ Z1= 7   / DATE= 18/07/15
  -9.96802  -9.95783  -9.94689  -9.93517  -9.93137  -9.93176  -9.92956  -9.91836
  -9.89604  -9.85643  -9.82482  -9.79346  -9.74369  -9.69252  -9.63221  -9.55942
  -9.47804  -9.35592  -9.18393  -9.04143  -8.87291  -8.60652  -8.35099  -8.04770
 -10.08566 -10.07677 -10.06725 -10.05688 -10.05318 -10.05286 -10.04985 -10.03928
 -10.01911  -9.98355  -9.95493  -9.92624  -9.88087  -9.83483  -9.78055  -9.71287
  -9.63814  -9.52800  -9.37145  -9.24104  -9.08730  -8.84423  -8.61188  -8.33612
 -10.23387 -10.22662 -10.21888 -10.21022 -10.20665 -10.20542 -10.20140 -10.19164
 -10.17418 -10.14369 -10.11885 -10.09353 -10.05370 -10.01412  -9.96745  -9.90620
  -9.83984  -9.74480  -9.60771  -9.49253  -9.35739  -9.14372  -8.94055  -8.69951
 -10.33149 -10.32532 -10.31875 -10.31122 -10.30774 -10.30591 -10.30122 -10.29199
 -10.27631 -10.24918 -10.22682 -10.20371 -10.16755 -10.13222 -10.09055 -10.03354
  -9.97270  -9.88761  -9.76333  -9.65818  -9.53530  -9.34099  -9.15705  -8.93886
 -10.43498 -10.42995 -10.42463 -10.41829 -10.41489 -10.41244 -10.40703 -10.39837
 -10.38458 -10.36100 -10.34127 -10.32052 -10.28822 -10.25740 -10.22105 -10.16852
 -10.11353 -10.03898  -9.92829  -9.83377  -9.72389  -9.55010  -9.38654  -9.19258
 -10.55262 -10.54889 -10.54498 -10.54000 -10.53670 -10.53353 -10.52732 -10.51930
 -10.50766 -10.48811 -10.47138 -10.45330 -10.42540 -10.39971 -10.36939 -10.32197
 -10.27362 -10.21107 -10.11581 -10.03338  -9.93827  -9.78781  -9.64742  -9.48101
 -10.63609 -10.63328 -10.63037 -10.62635 -10.62313 -10.61945 -10.61267 -10.60510
 -10.59499 -10.57830 -10.56370 -10.54751 -10.52274 -10.50068 -10.47465 -10.43085
 -10.38722 -10.33316 -10.24886 -10.17501 -10.09038  -9.95647  -9.83253  -9.68566
 -10.75297 -10.75097 -10.74913 -10.74635 -10.74345 -10.73955 -10.73270 -10.72617
 -10.71836 -10.70566 -10.69396 -10.68034 -10.65969 -10.64233 -10.62205 -10.58455
 -10.54815 -10.50541 -10.43612 -10.37460 -10.30502 -10.19444 -10.09300  -9.97290
 -10.89835 -10.89695 -10.89569 -10.89367 -10.89141 -10.88830 -10.88320 -10.87885
 -10.87407 -10.86626 -10.85857 -10.84900 -10.83359 -10.82002 -10.80449 -10.77894
 -10.75355 -10.72182 -10.67154 -10.62710 -10.57606 -10.49522 -10.42004 -10.33017
 -10.99543 -10.99513 -10.99449 -10.99287 -10.99086 -10.98815 -10.98386 -10.98038
 -10.97675 -10.97104 -10.96548 -10.95858 -10.94765 -10.93822 -10.92723 -10.90739
 -10.88771 -10.86403 -10.82633 -10.79244 -10.75333 -10.69217 -10.63532 -10.56682
 -11.09803 -11.09709 -11.09625 -11.09520 -11.09434 -11.09332 -11.09150 -11.08958
 -11.08704 -11.08249 -11.07797 -11.07258 -11.06485 -11.05914 -11.05283 -11.03939
 -11.02567 -11.00946 -10.98206 -10.95802 -10.93144 -10.88744 -10.84639 -10.79803
 -11.21868 -11.21835 -11.21790 -11.21715 -11.21647 -11.21567 -11.21434 -11.21305
 -11.21146 -11.20873 -11.20609 -11.20290 -11.19777 -11.19319 -11.18792 -11.17952
 -11.17092 -11.15984 -11.14281 -11.12782 -11.10991 -11.07940 -11.05125 -11.01841
 -11.30542 -11.30520 -11.30472 -11.30388 -11.30326 -11.30273 -11.30197 -11.30120
 -11.30012 -11.29812 -11.29608 -11.29357 -11.28967 -11.28641 -11.28285 -11.27700
 -11.27060 -11.26212 -11.24932 -11.23818 -11.22487 -11.20243 -11.18139 -11.15642
 -11.42847 -11.42834 -11.42803 -11.42751 -11.42716 -11.42690 -11.42649 -11.42597
 -11.42518 -11.42372 -11.42234 -11.42075 -11.41849 -11.41676 -11.41475 -11.41035
 -11.40621 -11.40161 -11.39306 -11.38503 -11.37613 -11.36218 -11.34866 -11.33183
 -11.58777 -11.58730 -11.58688 -11.58652 -11.58651 -11.58669 -11.58681 -11.58647
 -11.58568 -11.58440 -11.58366 -11.58320 -11.58240 -11.58113 -11.57931 -11.57724
 -11.57503 -11.57172 -11.56748 -11.56355 -11.55802 -11.54901 -11.54120 -11.53219
 -11.69402 -11.69361 -11.69351 -11.69368 -11.69384 -11.69393 -11.69389 -11.69372
 -11.69342 -11.69286 -11.69235 -11.69179 -11.69095 -11.69025 -11.68946 -11.68813
 -11.68655 -11.68446 -11.68168 -11.67862 -11.67431 -11.66869 -11.66387 -11.65748
 -11.81040 -11.81052 -11.81056 -11.81051 -11.81042 -11.81032 -11.81032 -11.81054
 -11.81091 -11.81110 -11.81061 -11.80952 -11.80808 -11.80775 -11.80804 -11.80742
 -11.80602 -11.80428 -11.80201 -11.79987 -11.79734 -11.79496 -11.79204 -11.78674
 -11.94659 -11.94655 -11.94655 -11.94657 -11.94657 -11.94655 -11.94654 -11.94659
 -11.94666 -11.94653 -11.94608 -11.94529 -11.94416 -11.94358 -11.94350 -11.94402
 -11.94324 -11.94126 -11.94121 -11.94118 -11.93932 -11.93710 -11.93505 -11.93171
 -12.04490 -12.04489 -12.04488 -12.04488 -12.04490 -12.04492 -12.04492 -12.04487
 -12.04476 -12.04453 -12.04428 -12.04400 -12.04372 -12.04368 -12.04370 -12.04321
 -12.04261 -12.04209 -12.04159 -12.04094 -12.03988 -12.03844 -12.03694 -12.03483
 -12.18795 -12.18795 -12.18796 -12.18796 -12.18795 -12.18793 -12.18793 -12.18797
 -12.18803 -12.18804 -12.18792 -12.18767 -12.18737 -12.18732 -12.18735 -12.18693
 -12.18664 -12.18666 -12.18643 -12.18584 -12.18500 -12.18396 -12.18329 -12.18251
 -12.37650 -12.37650 -12.37650 -12.37650 -12.37650 -12.37650 -12.37650 -12.37649
 -12.37648 -12.37647 -12.37649 -12.37653 -12.37658 -12.37658 -12.37657 -12.37668
 -12.37658 -12.37615 -12.37562 -12.37526 -12.37494 -12.37497 -12.37504 -12.37474
 -12.50621 -12.50621 -12.50621 -12.50621 -12.50621 -12.50621 -12.50621 -12.50621
 -12.50621 -12.50622 -12.50621 -12.50620 -12.50619 -12.50620 -12.50620 -12.50615
 -12.50622 -12.50632 -12.50569 -12.50525 -12.50533 -12.50534 -12.50537 -12.50545
 -12.64957 -12.64957 -12.64957 -12.64957 -12.64957 -12.64957 -12.64957 -12.64957
 -12.64957 -12.64957 -12.64957 -12.64958 -12.64958 -12.64958 -12.64957 -12.64961
 -12.64959 -12.64956 -12.64973 -12.64984 -12.64981 -12.64982 -12.64983 -12.64980
 -12.82268 -12.82268 -12.82268 -12.82268 -12.82268 -12.82268 -12.82268 -12.82269
 -12.82269 -12.82269 -12.82268 -12.82268 -12.82268 -12.82269 -12.82269 -12.82262
 -12.82259 -12.82261 -12.82255 -12.82252 -12.82256 -12.82250 -12.82246 -12.82248
 -12.94742 -12.94742 -12.94742 -12.94742 -12.94742 -12.94742 -12.94742 -12.94742
 -12.94743 -12.94743 -12.94742 -12.94742 -12.94742 -12.94743 -12.94743 -12.94738
 -12.94735 -12.94735 -12.94735 -12.94735 -12.94737 -12.94733 -12.94730 -12.94731
 -13.12243 -13.12243 -13.12243 -13.12243 -13.12243 -13.12243 -13.12243 -13.12243
 -13.12242 -13.12242 -13.12244 -13.12246 -13.12247 -13.12241 -13.12239 -13.12277
 -13.12304 -13.12301 -13.12300 -13.12299 -13.12298 -13.12339 -13.12362 -13.12358
 -13.34256 -13.34256 -13.34256 -13.34256 -13.34256 -13.34256 -13.34256 -13.34256
 -13.34257 -13.34257 -13.34256 -13.34256 -13.34256 -13.34257 -13.34257 -13.34250
 -13.34248 -13.34250 -13.34224 -13.34227 -13.34268 -13.34282 -13.34264 -13.34265
 -13.48954 -13.48954 -13.48954 -13.48954 -13.48954 -13.48954 -13.48954 -13.48954
 -13.48954 -13.48954 -13.48954 -13.48955 -13.48955 -13.48954 -13.48954 -13.48957
 -13.48954 -13.48951 -13.48995 -13.49022 -13.49015 -13.49015 -13.49010 -13.48997
 -13.62700 -13.62700 -13.62700 -13.62700 -13.62700 -13.62700 -13.62700 -13.62700
 -13.62700 -13.62700 -13.62700 -13.62700 -13.62700 -13.62699 -13.62699 -13.62702
 -13.62696 -13.62691 -13.62761 -13.62814 -13.62813 -13.62789 -13.62825 -13.62907
 -13.85038 -13.85038 -13.85038 -13.85038 -13.85038 -13.85038 -13.85038 -13.85038
 -13.85038 -13.85038 -13.85038 -13.85038 -13.85038 -13.85038 -13.85038 -13.85038
 -13.85038 -13.85038 -13.85036 -13.85040 -13.85043 -13.85009 -13.85072 -13.85239
C-------------------------------------------------------------------------------
C
C     RATE COEFFICIENTS IN UNITS OF CM**3 S-1 
C     --------------------------------------- 
C
C     INPUT DATA
C         FOR YEAR: 96 AND WITH PREFIX: pj 
C         FOR N  RECOMBINING ION CHARGE(S)  1 TO  7
C
C     CODE     : ADAS404
C     PRODUCER : Martin O'Mullane              
C     DATE     : 18/07/15
C
C-------------------------------------------------------------------------------
C
C  Re-run because of un-physical excitation rate in N2+ adf04 file.
C
C  PRODUCER : Martin O'Mullane              
C  DATE     : 18-07-2015
C
C-------------------------------------------------------------------------------

C-----------------------------------------------------------------------
C                               OPEN-ADAS
C                               +++++++++
C
C This file has been downloaded from OPEN-ADAS (http://open.adas.ac.uk)
C on 13-Jul-2017.
C
C TERMS AND CONDITIONS
C --------------------
C
C The user of the OPEN-ADAS system and data (hereinafter "the User")
C accepts the following terms and conditions:
C
C   1. The University of Strathclyde uses all reasonable endeavours to
C      ensure the accuracy of the data provided and any information
C      given, but the University makes no warranty, expressed or implied
C      as to its accuracy, integrity, fitness for purpose and shall not
C      be responsible for the use to which the data is put by the User
C      and/or any consequences arising out of any inaccuracies or
C      omissions.
C
C   2. Any downloaded OPEN-ADAS file is made available for the
C      personal use of the User only.  It must not be used for any
C      commercial application, incorporated into any web site or in
C      any form re-distributed without express prior written permission
C      from the ADAS Project. In particular, but not by way of
C      limitation, it must not be:
C        *  inserted into a managed database structure,
C        *  redistributed along with a modelling or analysis code,
C        *  made available on a public website.
C
C Permission for OPEN-ADAS data incorporation in non-commercial
C code/system development for scientific advance will not be
C unreasonably withheld, but will be subject to written agreement
C on a case by case basis.
C
C The User will indemnify the University of Strathclyde and keep it
C fully and effectively indemnified against each and every claim made
C against the University as a result of the User's use of the data.
C
C-----------------------------------------------------------------------
