    7   24   30    1    7     /NITROGEN           /GCR PROJECT      
--------------------------------------------------------------------------------
   7.69897   8.00000   8.30103   8.69897   9.00000   9.30103   9.69897  10.00000
  10.30103  10.69897  11.00000  11.30103  11.69897  12.00000  12.30103  12.69897
  13.00000  13.30103  13.69897  14.00000  14.30103  14.69897  15.00000  15.30103
  -0.69877  -0.52268  -0.30083  -0.15470   0.00020   0.17629   0.30123   0.47732
   0.69917   0.84530   1.00020   1.17629   1.30123   1.47732   1.69917   1.84530
   2.00020   2.17629   2.30123   2.47732   2.69917   2.84530   3.00020   3.17629
   3.30123   3.47732   3.69917   3.84530   4.00020   4.17629
---------------------/ IGRD= 1  / IPRT= 1  /--------/ Z1= 1   / DATE= 18/07/15
 -29.40416 -29.38394 -29.36095 -29.32621 -29.29570 -29.26021 -29.20392 -29.15332
 -29.09550 -29.00883 -28.93381 -28.84767 -28.71489 -28.59849 -28.46672 -28.26870
 -28.09868 -27.90907 -27.63512 -27.41421 -27.18717 -26.91463 -26.73184 -26.55224
 -29.56245 -29.54822 -29.53160 -29.50731 -29.48611 -29.46040 -29.41963 -29.38319
 -29.34105 -29.27713 -29.22138 -29.15716 -29.05857 -28.97184 -28.87231 -28.72097
 -28.58977 -28.44206 -28.22491 -28.04287 -27.84650 -27.60347 -27.43838 -27.27587
 -29.75121 -29.74250 -29.73298 -29.71737 -29.70306 -29.68704 -29.66083 -29.63694
 -29.61037 -29.56899 -29.53181 -29.48923 -29.42282 -29.36411 -29.29767 -29.19534
 -29.10529 -29.00340 -28.84869 -28.71478 -28.56963 -28.39824 -28.28887 -28.18228
 -29.87091 -29.86559 -29.85835 -29.84689 -29.83691 -29.82507 -29.80632 -29.78947
 -29.76985 -29.73914 -29.71183 -29.68034 -29.63005 -29.58565 -29.53661 -29.46009
 -29.39189 -29.31500 -29.19572 -29.09198 -28.98286 -28.86246 -28.79154 -28.72336
 -29.99744 -29.99309 -29.98705 -29.98069 -29.97599 -29.96778 -29.95414 -29.94292
 -29.93020 -29.90933 -29.89013 -29.86816 -29.83281 -29.80115 -29.76602 -29.71226
 -29.66423 -29.60854 -29.52191 -29.44767 -29.37118 -29.29277 -29.25148 -29.21263
 -29.95540 -29.95630 -29.95781 -29.95936 -29.95925 -29.95805 -29.95582 -29.95365
 -29.95045 -29.94403 -29.93714 -29.92827 -29.91397 -29.90071 -29.88448 -29.85882
 -29.83532 -29.80675 -29.76097 -29.72224 -29.68397 -29.64632 -29.62728 -29.60952
 -29.67406 -29.68171 -29.68929 -29.69791 -29.70305 -29.70758 -29.71474 -29.71990
 -29.72279 -29.72721 -29.73033 -29.73041 -29.72966 -29.72881 -29.72569 -29.71903
 -29.71184 -29.70176 -29.68484 -29.67058 -29.65657 -29.64275 -29.63569 -29.62908
 -29.17587 -29.18640 -29.19628 -29.20821 -29.21714 -29.22668 -29.23918 -29.24879
 -29.25907 -29.27157 -29.27974 -29.28743 -29.29454 -29.29824 -29.30240 -29.30667
 -29.30891 -29.31147 -29.31452 -29.31574 -29.31583 -29.31640 -29.31775 -29.31944
 -28.79112 -28.80240 -28.81431 -28.82840 -28.83832 -28.84960 -28.86468 -28.87619
 -28.88875 -28.90422 -28.91435 -28.92401 -28.93317 -28.93820 -28.94395 -28.94888
 -28.95104 -28.95473 -28.95849 -28.95933 -28.95988 -28.96172 -28.96396 -28.96660
 -28.67798 -28.69081 -28.70225 -28.71684 -28.72777 -28.73792 -28.75316 -28.76685
 -28.78091 -28.79814 -28.80900 -28.81782 -28.82783 -28.83416 -28.83870 -28.84445
 -28.84857 -28.85111 -28.85344 -28.85512 -28.85646 -28.85775 -28.85872 -28.85999
 -28.64614 -28.65855 -28.67044 -28.68559 -28.69676 -28.70756 -28.72414 -28.73856
 -28.75252 -28.76954 -28.78076 -28.79023 -28.80003 -28.80592 -28.81101 -28.81690
 -28.82078 -28.82375 -28.82637 -28.82752 -28.82777 -28.82726 -28.82664 -28.82614
 -28.68793 -28.69959 -28.71100 -28.72657 -28.73861 -28.75002 -28.76619 -28.77996
 -28.79387 -28.81072 -28.82141 -28.83033 -28.84056 -28.84753 -28.85352 -28.85913
 -28.86245 -28.86589 -28.86786 -28.86747 -28.86691 -28.86533 -28.86319 -28.86042
 -28.75236 -28.76402 -28.77527 -28.79107 -28.80316 -28.81391 -28.83011 -28.84416
 -28.85726 -28.87356 -28.88451 -28.89319 -28.90316 -28.90995 -28.91541 -28.92190
 -28.92603 -28.92845 -28.92976 -28.92991 -28.92953 -28.92704 -28.92349 -28.91920
 -28.87815 -28.88897 -28.90141 -28.91831 -28.93006 -28.94087 -28.95703 -28.97049
 -28.98278 -28.99737 -29.00719 -29.01581 -29.02657 -29.03330 -29.03732 -29.04349
 -29.04865 -29.05101 -29.05228 -29.05311 -29.05340 -29.05045 -29.04553 -29.03994
 -29.08366 -29.09538 -29.10764 -29.12391 -29.13556 -29.14642 -29.16132 -29.17323
 -29.18489 -29.19892 -29.20818 -29.21639 -29.22623 -29.23279 -29.23829 -29.24451
 -29.24851 -29.25180 -29.25497 -29.25619 -29.25635 -29.25459 -29.25171 -29.24796
 -29.23989 -29.25157 -29.26324 -29.27802 -29.28879 -29.29971 -29.31490 -29.32648
 -29.33729 -29.35054 -29.35954 -29.36724 -29.37696 -29.38372 -29.38896 -29.39526
 -29.39968 -29.40286 -29.40584 -29.40753 -29.40845 -29.40763 -29.40544 -29.40236
 -29.41930 -29.43014 -29.44114 -29.45629 -29.46735 -29.47714 -29.49113 -29.50237
 -29.51230 -29.52482 -29.53378 -29.54130 -29.55046 -29.55702 -29.56258 -29.56844
 -29.57216 -29.57571 -29.57948 -29.58139 -29.58245 -29.58212 -29.58061 -29.57829
 -29.63214 -29.64209 -29.65285 -29.66667 -29.67662 -29.68672 -29.69948 -29.70885
 -29.71854 -29.73030 -29.73795 -29.74492 -29.75382 -29.76018 -29.76567 -29.77084
 -29.77411 -29.77808 -29.78196 -29.78365 -29.78525 -29.78544 -29.78377 -29.78134
 -29.76996 -29.77978 -29.79038 -29.80224 -29.81062 -29.82095 -29.83264 -29.84011
 -29.84924 -29.86010 -29.86677 -29.87363 -29.88182 -29.88736 -29.89294 -29.89814
 -29.90089 -29.90431 -29.90768 -29.90915 -29.91067 -29.91112 -29.90993 -29.90808
 -29.95178 -29.96079 -29.96803 -29.97734 -29.98536 -29.99380 -30.00274 -30.00808
 -30.01393 -30.02182 -30.02864 -30.03696 -30.04443 -30.04797 -30.05320 -30.05808
 -30.05953 -30.06145 -30.06587 -30.06843 -30.06774 -30.06623 -30.06604 -30.06569
 -30.17945 -30.18734 -30.19001 -30.19612 -30.20392 -30.20974 -30.21516 -30.21795
 -30.21944 -30.22348 -30.23065 -30.24093 -30.24749 -30.24845 -30.25317 -30.25757
 -30.25732 -30.25727 -30.26312 -30.26712 -30.26332 -30.25899 -30.26009 -30.26170
 -30.32810 -30.33524 -30.33493 -30.33897 -30.34660 -30.35070 -30.35385 -30.35502
 -30.35373 -30.35528 -30.36265 -30.37410 -30.38001 -30.37931 -30.38370 -30.38779
 -30.38644 -30.38506 -30.39175 -30.39663 -30.39075 -30.38455 -30.38651 -30.38949
 -30.48316 -30.48946 -30.48610 -30.48798 -30.49539 -30.49771 -30.49850 -30.49799
 -30.49385 -30.49287 -30.50039 -30.51291 -30.51807 -30.51569 -30.51974 -30.52351
 -30.52101 -30.51819 -30.52568 -30.53142 -30.52334 -30.51514 -30.51802 -30.52253
 -30.65446 -30.65977 -30.65316 -30.65270 -30.65981 -30.66011 -30.65826 -30.65599
 -30.64883 -30.64513 -30.65273 -30.66615 -30.67030 -30.66615 -30.66988 -30.67342
 -30.66965 -30.66513 -30.67331 -30.67991 -30.66930 -30.65880 -30.66271 -30.66912
 -30.77139 -30.77598 -30.76727 -30.76528 -30.77213 -30.77101 -30.76734 -30.76395
 -30.75488 -30.74943 -30.75698 -30.77075 -30.77406 -30.76877 -30.77236 -30.77584
 -30.77121 -30.76545 -30.77394 -30.78103 -30.76861 -30.75642 -30.76104 -30.76888
 -30.92692 -30.93050 -30.91930 -30.91544 -30.92184 -30.91877 -30.91264 -30.90796
 -30.89667 -30.88912 -30.89643 -30.91009 -30.91197 -30.90536 -30.90892 -30.91257
 -30.90683 -30.89920 -30.90776 -30.91535 -30.90034 -30.88566 -30.89116 -30.90111
 -31.10124 -31.10359 -31.09041 -31.08493 -31.09063 -31.08523 -31.07626 -31.07067
 -31.05769 -31.04837 -31.05502 -31.06722 -31.06678 -31.05912 -31.06309 -31.06758
 -31.06064 -31.05046 -31.05835 -31.06612 -31.04778 -31.02964 -31.03589 -31.04846
 -31.19871 -31.20036 -31.18678 -31.18083 -31.18599 -31.17918 -31.16857 -31.16294
 -31.14972 -31.13993 -31.14587 -31.15616 -31.15384 -31.14595 -31.15055 -31.15610
 -31.14854 -31.13654 -31.14346 -31.15104 -31.13046 -31.10974 -31.11611 -31.13022
 -31.28413 -31.28516 -31.27198 -31.26612 -31.27071 -31.26253 -31.25040 -31.24525
 -31.23261 -31.22299 -31.22796 -31.23541 -31.23079 -31.22309 -31.22872 -31.23590
 -31.22785 -31.21380 -31.21924 -31.22638 -31.20336 -31.17961 -31.18568 -31.20104
 -31.35733 -31.35788 -31.34606 -31.34097 -31.34495 -31.33539 -31.32178 -31.31780
 -31.30675 -31.29812 -31.30178 -31.30513 -31.29762 -31.29060 -31.29785 -31.30751
 -31.29908 -31.28259 -31.28590 -31.29231 -31.26649 -31.23888 -31.24401 -31.26013
---------------------/ IGRD= 1  / IPRT= 1  /--------/ Z1= 2   / DATE= 18/07/15
 -28.46598 -28.44280 -28.41839 -28.38046 -28.34352 -28.29765 -28.22315 -28.15664
 -28.08096 -27.96773 -27.87121 -27.76088 -27.58790 -27.43387 -27.25955 -27.00044
 -26.78287 -26.54529 -26.20915 -25.94127 -25.66612 -25.29782 -25.02071 -24.74981
 -28.62732 -28.61125 -28.59433 -28.56817 -28.54241 -28.50941 -28.45550 -28.40811
 -28.35419 -28.27265 -28.20188 -28.11936 -27.98778 -27.87000 -27.73728 -27.53767
 -27.36705 -27.17903 -26.90171 -26.67119 -26.42551 -26.08306 -25.81648 -25.55033
 -28.81307 -28.80357 -28.79401 -28.77763 -28.76026 -28.74036 -28.70759 -28.67586
 -28.64037 -28.58752 -28.54056 -28.48496 -28.39584 -28.31605 -28.22563 -28.08739
 -27.96619 -27.82937 -27.62231 -27.44453 -27.24857 -26.96423 -26.73308 -26.49138
 -28.93285 -28.92552 -28.91727 -28.90503 -28.89372 -28.87812 -28.85255 -28.83094
 -28.80513 -28.76515 -28.73039 -28.68774 -28.61952 -28.56003 -28.49108 -28.38461
 -28.29185 -28.18541 -28.02110 -27.87834 -27.71928 -27.48239 -27.28328 -27.07041
 -29.04494 -29.04013 -29.03490 -29.02655 -29.01822 -29.00751 -28.99077 -28.97613
 -28.95731 -28.92834 -28.90449 -28.87447 -28.82437 -28.78011 -28.73021 -28.65297
 -28.58352 -28.50319 -28.37881 -28.26993 -28.14708 -27.96035 -27.80012 -27.62634
 -29.11988 -29.11854 -29.11680 -29.11361 -29.11015 -29.10534 -29.09707 -29.08932
 -29.07945 -29.06360 -29.04934 -29.03120 -29.00155 -28.97529 -28.94402 -28.89336
 -28.84744 -28.79435 -28.71025 -28.63439 -28.54856 -28.41671 -28.30061 -28.17099
 -28.98941 -28.99385 -28.99765 -29.00126 -29.00297 -29.00450 -29.00646 -29.00750
 -29.00767 -29.00670 -29.00451 -28.99902 -28.98680 -28.97458 -28.95915 -28.93294
 -28.90824 -28.87892 -28.82999 -28.78333 -28.72883 -28.64253 -28.56396 -28.47273
 -28.56247 -28.57487 -28.58662 -28.60058 -28.61029 -28.62083 -28.63782 -28.65327
 -28.66983 -28.69063 -28.70373 -28.71419 -28.72385 -28.72826 -28.73171 -28.73438
 -28.73394 -28.73131 -28.72376 -28.71414 -28.70056 -28.67587 -28.65110 -28.61936
 -28.10212 -28.11755 -28.13199 -28.15023 -28.16475 -28.18130 -28.20829 -28.23343
 -28.26178 -28.29810 -28.32080 -28.33897 -28.35844 -28.37084 -28.38132 -28.39332
 -28.40096 -28.40714 -28.41392 -28.41833 -28.42195 -28.42515 -28.42656 -28.42811
 -27.93940 -27.95597 -27.97305 -27.99377 -28.00791 -28.02528 -28.05578 -28.08419
 -28.11616 -28.15733 -28.18306 -28.20361 -28.22542 -28.23903 -28.25069 -28.26374
 -28.27225 -28.28020 -28.28942 -28.29498 -28.29944 -28.30503 -28.31040 -28.31703
 -27.87505 -27.89212 -27.90920 -27.93008 -27.94522 -27.96395 -27.99616 -28.02559
 -28.05848 -28.10089 -28.12768 -28.14898 -28.17121 -28.18531 -28.19767 -28.21136
 -28.22026 -28.22847 -28.23775 -28.24360 -28.24909 -28.25633 -28.26282 -28.27158
 -27.90125 -27.91833 -27.93511 -27.95504 -27.96933 -27.98784 -28.02024 -28.04947
 -28.08174 -28.12284 -28.14911 -28.17028 -28.19218 -28.20626 -28.21893 -28.23311
 -28.24206 -28.25030 -28.25986 -28.26593 -28.27159 -28.27897 -28.28572 -28.29537
 -27.96587 -27.98289 -27.99946 -28.01938 -28.03387 -28.05174 -28.08227 -28.11000
 -28.14075 -28.17962 -28.20424 -28.22467 -28.24662 -28.26061 -28.27303 -28.28720
 -28.29652 -28.30503 -28.31458 -28.32053 -28.32604 -28.33350 -28.34060 -28.35058
 -28.10367 -28.12015 -28.13617 -28.15640 -28.17172 -28.18860 -28.21549 -28.24006
 -28.26729 -28.30176 -28.32362 -28.34236 -28.36392 -28.37785 -28.38991 -28.40385
 -28.41322 -28.42152 -28.43130 -28.43810 -28.44397 -28.45128 -28.45834 -28.46760
 -28.32893 -28.34520 -28.36114 -28.38089 -28.39523 -28.41081 -28.43496 -28.45604
 -28.47850 -28.50692 -28.52590 -28.54292 -28.56241 -28.57503 -28.58748 -28.60291
 -28.61231 -28.62039 -28.62991 -28.63607 -28.64164 -28.64891 -28.65502 -28.66342
 -28.49701 -28.51267 -28.52875 -28.54897 -28.56289 -28.57722 -28.59910 -28.61829
 -28.63842 -28.66412 -28.68163 -28.69653 -28.71464 -28.72850 -28.74081 -28.75462
 -28.76388 -28.77183 -28.78150 -28.78874 -28.79499 -28.80183 -28.80719 -28.81468
 -28.68290 -28.69844 -28.71401 -28.73326 -28.74659 -28.76045 -28.78095 -28.79829
 -28.81684 -28.83934 -28.85354 -28.86831 -28.88737 -28.89925 -28.91038 -28.92508
 -28.93569 -28.94441 -28.95254 -28.95720 -28.96229 -28.97037 -28.97704 -28.98370
 -28.89796 -28.91199 -28.92606 -28.94399 -28.95681 -28.96971 -28.98776 -29.00256
 -29.01841 -29.03861 -29.05213 -29.06534 -29.08189 -29.09301 -29.10385 -29.11760
 -29.12680 -29.13467 -29.14302 -29.14821 -29.15327 -29.16020 -29.16553 -29.17086
 -29.04241 -29.05555 -29.06879 -29.08587 -29.09809 -29.10983 -29.12577 -29.13893
 -29.15293 -29.17115 -29.18369 -29.19522 -29.20983 -29.22074 -29.23092 -29.24303
 -29.25116 -29.25807 -29.26593 -29.27139 -29.27626 -29.28193 -29.28608 -29.29062
 -29.22185 -29.23328 -29.24523 -29.26036 -29.27051 -29.28030 -29.29356 -29.30411
 -29.31529 -29.32991 -29.34002 -29.34935 -29.36108 -29.36969 -29.37778 -29.38755
 -29.39423 -29.40012 -29.40696 -29.41150 -29.41499 -29.41870 -29.42183 -29.42577
 -29.38893 -29.39662 -29.40401 -29.41392 -29.42161 -29.42845 -29.43690 -29.44382
 -29.45091 -29.45984 -29.46608 -29.47222 -29.47999 -29.48544 -29.49087 -29.49742
 -29.50146 -29.50526 -29.50972 -29.51228 -29.51435 -29.51700 -29.51913 -29.52104
 -29.44764 -29.45309 -29.45856 -29.46572 -29.47083 -29.47516 -29.48073 -29.48550
 -29.48995 -29.49594 -29.50085 -29.50474 -29.50922 -29.51324 -29.51716 -29.52122
 -29.52354 -29.52615 -29.52948 -29.53111 -29.53222 -29.53344 -29.53447 -29.53570
 -29.46603 -29.46940 -29.47286 -29.47740 -29.48059 -29.48342 -29.48686 -29.48948
 -29.49206 -29.49613 -29.49961 -29.50194 -29.50441 -29.50703 -29.50926 -29.51157
 -29.51325 -29.51454 -29.51579 -29.51669 -29.51755 -29.51881 -29.51976 -29.52017
 -29.47486 -29.47592 -29.47695 -29.47847 -29.47991 -29.48149 -29.48278 -29.48299
 -29.48380 -29.48600 -29.48767 -29.48852 -29.48936 -29.49039 -29.49067 -29.49133
 -29.49272 -29.49245 -29.49088 -29.49095 -29.49183 -29.49385 -29.49515 -29.49450
 -29.48111 -29.48055 -29.47985 -29.47923 -29.47943 -29.48012 -29.47990 -29.47840
 -29.47796 -29.47884 -29.47923 -29.47903 -29.47870 -29.47861 -29.47750 -29.47700
 -29.47818 -29.47681 -29.47323 -29.47271 -29.47361 -29.47618 -29.47774 -29.47634
 -29.48993 -29.48707 -29.48394 -29.48031 -29.47876 -29.47820 -29.47585 -29.47196
 -29.46975 -29.46877 -29.46735 -29.46567 -29.46369 -29.46201 -29.45895 -29.45681
 -29.45771 -29.45478 -29.44839 -29.44703 -29.44795 -29.45130 -29.45324 -29.45080
 -29.50103 -29.49528 -29.48909 -29.48166 -29.47792 -29.47580 -29.47077 -29.46388
 -29.45945 -29.45612 -29.45242 -29.44887 -29.44480 -29.44112 -29.43561 -29.43140
 -29.43194 -29.42705 -29.41712 -29.41471 -29.41565 -29.42000 -29.42243 -29.41869
 -29.50835 -29.50069 -29.49248 -29.48255 -29.47736 -29.47422 -29.46743 -29.45857
 -29.45268 -29.44780 -29.44260 -29.43781 -29.43236 -29.42736 -29.42024 -29.41468
 -29.41498 -29.40881 -29.39654 -29.39344 -29.39439 -29.39941 -29.40217 -29.39757
 -29.51610 -29.50642 -29.49608 -29.48350 -29.47678 -29.47256 -29.46391 -29.45295
 -29.44552 -29.43900 -29.43220 -29.42610 -29.41918 -29.41279 -29.40396 -29.39696
 -29.39702 -29.38948 -29.37475 -29.37091 -29.37187 -29.37761 -29.38072 -29.37523
 -29.52492 -29.51294 -29.50017 -29.48458 -29.47613 -29.47066 -29.45991 -29.44658
 -29.43740 -29.42901 -29.42039 -29.41280 -29.40421 -29.39622 -29.38545 -29.37683
 -29.37660 -29.36752 -29.34999 -29.34531 -29.34628 -29.35285 -29.35637 -29.34986
---------------------/ IGRD= 1  / IPRT= 1  /--------/ Z1= 3   / DATE= 18/07/15
 -27.90972 -27.88570 -27.85736 -27.81281 -27.77323 -27.72810 -27.66027 -27.60538
 -27.53840 -27.41067 -27.29781 -27.17539 -26.98835 -26.82883 -26.65251 -26.38506
 -26.14997 -25.88497 -25.49624 -25.23301 -24.98586 -24.63940 -24.36733 -24.09110
 -28.05240 -28.03369 -28.01148 -27.97637 -27.94542 -27.91072 -27.85901 -27.81463
 -27.75986 -27.66053 -27.57155 -27.47313 -27.32379 -27.19600 -27.05303 -26.83291
 -26.63791 -26.41779 -26.09391 -25.84933 -25.60217 -25.25571 -24.98365 -24.70741
 -28.23179 -28.21968 -28.20512 -28.18181 -28.16161 -28.13978 -28.10786 -28.07668
 -28.03731 -27.97304 -27.91371 -27.84532 -27.74286 -27.65447 -27.55304 -27.39222
 -27.24757 -27.08375 -26.84097 -26.63461 -26.40959 -26.08852 -25.83111 -25.56506
 -28.34664 -28.33804 -28.32771 -28.31122 -28.29683 -28.28107 -28.25755 -28.23443
 -28.20523 -28.15752 -28.11370 -28.06299 -27.98564 -27.91787 -27.83940 -27.71409
 -27.60094 -27.47171 -27.27672 -27.11018 -26.92606 -26.65474 -26.42858 -26.18773
 -28.46578 -28.45987 -28.45264 -28.44087 -28.43054 -28.41928 -28.40265 -28.38622
 -28.36521 -28.33056 -28.29922 -28.26301 -28.20640 -28.15610 -28.09742 -28.00300
 -27.91818 -27.82103 -27.67134 -27.53996 -27.39230 -27.17186 -26.98441 -26.77961
 -28.59689 -28.59314 -28.58845 -28.58052 -28.57352 -28.56605 -28.55543 -28.54503
 -28.53134 -28.50765 -28.48622 -28.46187 -28.42408 -28.39002 -28.34953 -28.28333
 -28.22358 -28.15489 -28.04832 -27.95498 -27.84798 -27.68051 -27.53641 -27.37753
 -28.68787 -28.68532 -28.68207 -28.67639 -28.67113 -28.66516 -28.65592 -28.64656
 -28.63448 -28.61495 -28.59869 -28.58097 -28.55356 -28.52944 -28.50079 -28.45239
 -28.40828 -28.35740 -28.27736 -28.20616 -28.12350 -27.99212 -27.87632 -27.74661
 -28.81537 -28.81330 -28.81016 -28.80335 -28.79542 -28.78385 -28.75933 -28.73068
 -28.69535 -28.65037 -28.62474 -28.60658 -28.59026 -28.57971 -28.56833 -28.54992
 -28.53165 -28.50878 -28.47095 -28.43399 -28.38788 -28.31137 -28.23936 -28.15374
 -28.96617 -28.96112 -28.95020 -28.92001 -28.87994 -28.81863 -28.69761 -28.58514
 -28.47766 -28.37208 -28.32806 -28.30780 -28.30108 -28.30386 -28.30987 -28.31908
 -28.32549 -28.33085 -28.33565 -28.33562 -28.33196 -28.32079 -28.30539 -28.28239
 -29.05652 -29.04384 -29.02025 -28.96122 -28.88584 -28.77738 -28.59020 -28.44132
 -28.31291 -28.19713 -28.15144 -28.13127 -28.12671 -28.13173 -28.14017 -28.15318
 -28.16389 -28.17432 -28.18519 -28.19146 -28.19682 -28.20031 -28.19704 -28.18933
 -29.14539 -29.12360 -29.08458 -28.99259 -28.88307 -28.73758 -28.51031 -28.34366
 -28.20696 -28.08923 -28.04364 -28.02349 -28.01936 -28.02423 -28.03249 -28.04492
 -28.05502 -28.06536 -28.07737 -28.08527 -28.09183 -28.09641 -28.09723 -28.09509
 -29.24127 -29.21376 -29.16516 -29.05392 -28.92651 -28.76344 -28.51779 -28.34203
 -28.19915 -28.07605 -28.02823 -28.00608 -28.00052 -28.00464 -28.01161 -28.02359
 -28.03207 -28.03963 -28.05125 -28.05881 -28.06321 -28.06615 -28.06777 -28.06695
 -29.30647 -29.28005 -29.23297 -29.12398 -28.99788 -28.83529 -28.58854 -28.41028
 -28.26366 -28.13516 -28.08390 -28.05906 -28.05103 -28.05479 -28.06166 -28.07162
 -28.07879 -28.08595 -28.09753 -28.10402 -28.10720 -28.11096 -28.11217 -28.10960
 -29.38622 -29.36536 -29.32730 -29.23576 -29.12497 -28.97593 -28.73947 -28.56246
 -28.41296 -28.27716 -28.22078 -28.19315 -28.18306 -28.18508 -28.19069 -28.19910
 -28.20595 -28.21352 -28.22408 -28.23018 -28.23437 -28.23887 -28.23998 -28.23776
 -29.45473 -29.44223 -29.41885 -29.35945 -29.28178 -29.16811 -28.96927 -28.80755
 -28.66323 -28.52665 -28.46839 -28.43874 -28.42582 -28.42596 -28.43038 -28.43922
 -28.44709 -28.45485 -28.46377 -28.47005 -28.47553 -28.48105 -28.48336 -28.48271
 -29.47634 -29.46909 -29.45527 -29.41875 -29.36802 -29.28803 -29.13331 -28.99558
 -28.86489 -28.73427 -28.67620 -28.64605 -28.63289 -28.63259 -28.63634 -28.64475
 -28.65173 -28.65869 -28.66783 -28.67399 -28.67954 -28.68602 -28.68870 -28.68840
 -29.47967 -29.47632 -29.46985 -29.45220 -29.42635 -29.38247 -29.28662 -29.18947
 -29.08754 -28.97656 -28.92417 -28.89596 -28.88296 -28.88232 -28.88530 -28.89185
 -28.89847 -28.90535 -28.91268 -28.91863 -28.92429 -28.92862 -28.93130 -28.93191
 -29.45987 -29.45870 -29.45643 -29.45008 -29.44045 -29.42323 -29.38180 -29.33393
 -29.27669 -29.20567 -29.16901 -29.14830 -29.13805 -29.13713 -29.13893 -29.14382
 -29.14849 -29.15322 -29.15915 -29.16308 -29.16653 -29.17066 -29.17290 -29.17290
 -29.43410 -29.43358 -29.43255 -29.42966 -29.42523 -29.41717 -29.39708 -29.37253
 -29.34137 -29.29980 -29.27623 -29.26229 -29.25597 -29.25545 -29.25672 -29.26018
 -29.26326 -29.26629 -29.26992 -29.27262 -29.27498 -29.27722 -29.27879 -29.27882
 -29.38538 -29.38521 -29.38490 -29.38400 -29.38261 -29.38006 -29.37359 -29.36537
 -29.35433 -29.33874 -29.32962 -29.32402 -29.32118 -29.32096 -29.32156 -29.32273
 -29.32407 -29.32570 -29.32730 -29.32830 -29.32919 -29.32996 -29.33054 -29.33056
 -29.30903 -29.30900 -29.30893 -29.30874 -29.30844 -29.30789 -29.30647 -29.30465
 -29.30219 -29.29862 -29.29650 -29.29520 -29.29450 -29.29443 -29.29456 -29.29486
 -29.29512 -29.29539 -29.29572 -29.29582 -29.29606 -29.29707 -29.29743 -29.29719
 -29.25365 -29.25364 -29.25361 -29.25355 -29.25344 -29.25324 -29.25274 -29.25209
 -29.25121 -29.24996 -29.24920 -29.24873 -29.24849 -29.24845 -29.24849 -29.24862
 -29.24864 -29.24872 -29.24933 -29.24960 -29.24963 -29.24985 -29.24995 -29.24990
 -29.19377 -29.19377 -29.19376 -29.19374 -29.19370 -29.19364 -29.19347 -29.19326
 -29.19297 -29.19256 -29.19231 -29.19215 -29.19207 -29.19207 -29.19209 -29.19209
 -29.19230 -29.19265 -29.19300 -29.19310 -29.19311 -29.19308 -29.19302 -29.19294
 -29.12385 -29.12385 -29.12385 -29.12384 -29.12383 -29.12382 -29.12377 -29.12371
 -29.12363 -29.12351 -29.12344 -29.12340 -29.12338 -29.12338 -29.12338 -29.12338
 -29.12342 -29.12348 -29.12348 -29.12349 -29.12350 -29.12346 -29.12367 -29.12400
 -29.07276 -29.07276 -29.07275 -29.07275 -29.07275 -29.07274 -29.07272 -29.07270
 -29.07266 -29.07261 -29.07258 -29.07257 -29.07256 -29.07256 -29.07256 -29.07258
 -29.07253 -29.07245 -29.07247 -29.07250 -29.07249 -29.07245 -29.07260 -29.07282
 -29.00011 -29.00011 -29.00011 -29.00011 -29.00011 -29.00011 -29.00010 -29.00010
 -29.00009 -29.00008 -29.00008 -29.00007 -29.00007 -29.00007 -29.00008 -29.00005
 -29.00016 -29.00031 -29.00030 -29.00024 -29.00026 -29.00034 -29.00007 -28.99966
 -28.90856 -28.90856 -28.90856 -28.90856 -28.90856 -28.90856 -28.90857 -28.90857
 -28.90858 -28.90858 -28.90859 -28.90859 -28.90858 -28.90861 -28.90860 -28.90852
 -28.90884 -28.90931 -28.90925 -28.90909 -28.90914 -28.90938 -28.90857 -28.90734
 -28.84826 -28.84826 -28.84826 -28.84826 -28.84826 -28.84826 -28.84827 -28.84827
 -28.84828 -28.84829 -28.84830 -28.84830 -28.84829 -28.84832 -28.84831 -28.84820
 -28.84866 -28.84933 -28.84926 -28.84901 -28.84910 -28.84943 -28.84828 -28.84650
 -28.78434 -28.78434 -28.78434 -28.78434 -28.78434 -28.78434 -28.78434 -28.78435
 -28.78436 -28.78437 -28.78438 -28.78438 -28.78437 -28.78441 -28.78440 -28.78425
 -28.78486 -28.78574 -28.78565 -28.78533 -28.78543 -28.78588 -28.78435 -28.78200
 -28.71167 -28.71167 -28.71167 -28.71167 -28.71167 -28.71167 -28.71168 -28.71168
 -28.71169 -28.71170 -28.71170 -28.71171 -28.71169 -28.71174 -28.71173 -28.71154
 -28.71232 -28.71345 -28.71333 -28.71292 -28.71305 -28.71363 -28.71167 -28.70866
---------------------/ IGRD= 1  / IPRT= 1  /--------/ Z1= 4   / DATE= 18/07/15
 -27.51766 -27.49997 -27.48044 -27.45115 -27.42437 -27.39179 -27.33730 -27.28576
 -27.22395 -27.12863 -27.04829 -26.94651 -26.76567 -26.60128 -26.41903 -26.15373
 -25.92900 -25.66867 -25.26295 -24.92454 -24.56693 -24.13665 -23.89098 -23.63273
 -27.60693 -27.59277 -27.57691 -27.55274 -27.53054 -27.50358 -27.45885 -27.41710
 -27.36769 -27.29115 -27.22459 -27.14037 -26.99261 -26.85813 -26.70804 -26.48751
 -26.29941 -26.08072 -25.73805 -25.44929 -25.14102 -24.75296 -24.50729 -24.24904
 -27.71940 -27.70968 -27.69844 -27.68074 -27.66430 -27.64441 -27.61198 -27.58257
 -27.54878 -27.49590 -27.44670 -27.38460 -27.27853 -27.18173 -27.07216 -26.90802
 -26.76607 -26.59985 -26.33662 -26.11040 -25.86429 -25.52944 -25.28377 -25.02552
 -27.79348 -27.78669 -27.77849 -27.76505 -27.75240 -27.73717 -27.71284 -27.69156
 -27.66806 -27.63077 -27.59300 -27.54548 -27.46686 -27.39489 -27.31199 -27.18500
 -27.07345 -26.94180 -26.73089 -26.54587 -26.34069 -26.04096 -25.79542 -25.53728
 -27.86439 -27.86059 -27.85566 -27.84705 -27.83878 -27.82886 -27.81333 -27.80015
 -27.78612 -27.76310 -27.73739 -27.70530 -27.65402 -27.60641 -27.55049 -27.46240
 -27.38227 -27.28598 -27.12891 -26.98717 -26.82575 -26.58320 -26.37895 -26.15724
 -27.85130 -27.85114 -27.85065 -27.84931 -27.84759 -27.84512 -27.84028 -27.83493
 -27.82772 -27.81507 -27.80319 -27.78842 -27.76248 -27.73681 -27.70680 -27.65947
 -27.61367 -27.55586 -27.45798 -27.36713 -27.25991 -27.08969 -26.93769 -26.76553
 -27.71664 -27.72008 -27.72343 -27.72763 -27.73047 -27.73286 -27.73497 -27.73538
 -27.73442 -27.73136 -27.72842 -27.72406 -27.71467 -27.70442 -27.69079 -27.66730
 -27.64528 -27.61612 -27.56263 -27.51042 -27.44544 -27.33525 -27.23075 -27.10582
 -27.47040 -27.47790 -27.48499 -27.49361 -27.49985 -27.50613 -27.51446 -27.52023
 -27.52503 -27.52976 -27.53266 -27.53521 -27.53791 -27.53893 -27.53856 -27.53565
 -27.53169 -27.52548 -27.51237 -27.49786 -27.47851 -27.44236 -27.40296 -27.35067
 -27.30302 -27.31167 -27.32031 -27.33168 -27.34020 -27.34860 -27.35928 -27.36662
 -27.37295 -27.38017 -27.38581 -27.39147 -27.39830 -27.40264 -27.40641 -27.41071
 -27.41330 -27.41488 -27.41524 -27.41452 -27.41234 -27.40633 -27.39914 -27.38892
 -27.29275 -27.30174 -27.31080 -27.32285 -27.33192 -27.34088 -27.35232 -27.36040
 -27.36775 -27.37607 -27.38139 -27.38695 -27.39499 -27.40026 -27.40490 -27.41037
 -27.41379 -27.41665 -27.41941 -27.42038 -27.42062 -27.41959 -27.41695 -27.41297
 -27.34789 -27.35714 -27.36636 -27.37846 -27.38767 -27.39704 -27.40945 -27.41824
 -27.42597 -27.43430 -27.43969 -27.44530 -27.45342 -27.45917 -27.46458 -27.47070
 -27.47373 -27.47668 -27.48098 -27.48280 -27.48390 -27.48496 -27.48487 -27.48359
 -27.46813 -27.47809 -27.48786 -27.50029 -27.50953 -27.51883 -27.53105 -27.53963
 -27.54708 -27.55524 -27.56111 -27.56739 -27.57601 -27.58161 -27.58676 -27.59316
 -27.59707 -27.60049 -27.60448 -27.60664 -27.60833 -27.61019 -27.61117 -27.61158
 -27.57853 -27.58844 -27.59818 -27.61064 -27.61995 -27.62938 -27.64183 -27.65057
 -27.65808 -27.66640 -27.67256 -27.67831 -27.68561 -27.69201 -27.69775 -27.70324
 -27.70716 -27.71078 -27.71462 -27.71703 -27.72002 -27.72375 -27.72367 -27.72399
 -27.75796 -27.76762 -27.77693 -27.78861 -27.79730 -27.80619 -27.81814 -27.82669
 -27.83420 -27.84290 -27.84971 -27.85579 -27.86304 -27.86999 -27.87567 -27.88061
 -27.88620 -27.89053 -27.89300 -27.89663 -27.89997 -27.90231 -27.90474 -27.90626
 -28.00655 -28.01605 -28.02532 -28.03714 -28.04603 -28.05517 -28.06737 -28.07575
 -28.08256 -28.08992 -28.09630 -28.10270 -28.11007 -28.11530 -28.12047 -28.12683
 -28.13066 -28.13445 -28.13975 -28.14288 -28.14591 -28.15011 -28.15251 -28.15476
 -28.17644 -28.18542 -28.19412 -28.20504 -28.21313 -28.22131 -28.23231 -28.24038
 -28.24786 -28.25660 -28.26254 -28.26818 -28.27542 -28.28064 -28.28564 -28.29176
 -28.29572 -28.29947 -28.30443 -28.30797 -28.31143 -28.31577 -28.31840 -28.32086
 -28.35006 -28.35858 -28.36689 -28.37729 -28.38488 -28.39240 -28.40224 -28.40938
 -28.41605 -28.42415 -28.43001 -28.43553 -28.44212 -28.44673 -28.45137 -28.45724
 -28.46068 -28.46413 -28.46940 -28.47307 -28.47638 -28.48052 -28.48367 -28.48651
 -28.52600 -28.53318 -28.54020 -28.54908 -28.55553 -28.56181 -28.56991 -28.57595
 -28.58194 -28.58918 -28.59347 -28.59795 -28.60456 -28.60839 -28.61208 -28.61720
 -28.61998 -28.62322 -28.62867 -28.63157 -28.63441 -28.63950 -28.64370 -28.64711
 -28.63009 -28.63664 -28.64285 -28.65031 -28.65564 -28.66094 -28.66796 -28.67305
 -28.67772 -28.68313 -28.68686 -28.69079 -28.69644 -28.70050 -28.70397 -28.70765
 -28.71028 -28.71315 -28.71699 -28.71931 -28.72271 -28.72888 -28.73193 -28.73445
 -28.74508 -28.74972 -28.75417 -28.75952 -28.76332 -28.76704 -28.77189 -28.77541
 -28.77868 -28.78250 -28.78508 -28.78786 -28.79180 -28.79430 -28.79731 -28.80160
 -28.80294 -28.80465 -28.80932 -28.81273 -28.81482 -28.81655 -28.81970 -28.82348
 -28.83126 -28.83358 -28.83567 -28.83823 -28.84046 -28.84336 -28.84802 -28.85121
 -28.85323 -28.85451 -28.85609 -28.85754 -28.85906 -28.86112 -28.86258 -28.86339
 -28.86552 -28.86752 -28.86870 -28.87010 -28.87208 -28.87555 -28.87890 -28.88110
 -28.85268 -28.85350 -28.85459 -28.85669 -28.85873 -28.86111 -28.86433 -28.86605
 -28.86650 -28.86652 -28.86853 -28.86985 -28.86969 -28.87156 -28.87293 -28.87292
 -28.87481 -28.87619 -28.87602 -28.87764 -28.87990 -28.88252 -28.88478 -28.88586
 -28.84738 -28.84841 -28.84932 -28.85028 -28.85104 -28.85203 -28.85361 -28.85451
 -28.85469 -28.85479 -28.85645 -28.85796 -28.85793 -28.85742 -28.85822 -28.86091
 -28.86114 -28.86044 -28.86069 -28.86274 -28.86395 -28.86370 -28.86543 -28.86689
 -28.81404 -28.81463 -28.81492 -28.81494 -28.81502 -28.81542 -28.81650 -28.81733
 -28.81779 -28.81752 -28.81698 -28.81758 -28.81995 -28.82032 -28.81987 -28.81959
 -28.82006 -28.82028 -28.82031 -28.82169 -28.82294 -28.82278 -28.82219 -28.82287
 -28.77914 -28.77905 -28.77930 -28.78033 -28.78125 -28.78191 -28.78216 -28.78206
 -28.78190 -28.78176 -28.78170 -28.78173 -28.78191 -28.78202 -28.78182 -28.78188
 -28.78347 -28.78471 -28.78451 -28.78455 -28.78470 -28.78468 -28.78469 -28.78458
 -28.71923 -28.71932 -28.71940 -28.71933 -28.71913 -28.71877 -28.71832 -28.71852
 -28.71965 -28.72167 -28.72184 -28.72159 -28.72173 -28.72175 -28.72174 -28.72170
 -28.72141 -28.72119 -28.72123 -28.72129 -28.72131 -28.72131 -28.72134 -28.72123
 -28.63324 -28.63313 -28.63294 -28.63284 -28.63318 -28.63413 -28.63605 -28.63700
 -28.63662 -28.63486 -28.63472 -28.63494 -28.63476 -28.63473 -28.63474 -28.63481
 -28.63525 -28.63560 -28.63555 -28.63546 -28.63542 -28.63542 -28.63543 -28.63548
 -28.57598 -28.57567 -28.57532 -28.57536 -28.57625 -28.57830 -28.58201 -28.58344
 -28.58179 -28.57699 -28.57664 -28.57722 -28.57671 -28.57665 -28.57665 -28.57686
 -28.57809 -28.57906 -28.57890 -28.57866 -28.57855 -28.57854 -28.57857 -28.57872
 -28.51529 -28.51476 -28.51424 -28.51443 -28.51591 -28.51913 -28.52473 -28.52667
 -28.52366 -28.51566 -28.51507 -28.51604 -28.51518 -28.51509 -28.51509 -28.51542
 -28.51750 -28.51912 -28.51885 -28.51845 -28.51827 -28.51825 -28.51830 -28.51855
 -28.44629 -28.44552 -28.44481 -28.44516 -28.44732 -28.45185 -28.45961 -28.46213
 -28.45758 -28.44593 -28.44508 -28.44648 -28.44523 -28.44510 -28.44509 -28.44559
 -28.44861 -28.45099 -28.45059 -28.45001 -28.44974 -28.44971 -28.44978 -28.45015
---------------------/ IGRD= 1  / IPRT= 1  /--------/ Z1= 5   / DATE= 18/07/15
 -27.22665 -27.20687 -27.18388 -27.15005 -27.12300 -27.09354 -27.04343 -26.99127
 -26.92646 -26.83305 -26.76566 -26.69126 -26.53434 -26.38553 -26.22179 -25.96094
 -25.74742 -25.52013 -25.14616 -24.82804 -24.48909 -23.96698 -23.55007 -23.27400
 -27.35171 -27.33533 -27.31621 -27.28769 -27.26444 -27.23876 -27.19537 -27.15091
 -27.09612 -27.01674 -26.95840 -26.89349 -26.75929 -26.63184 -26.49052 -26.26590
 -26.08096 -25.88296 -25.55905 -25.28182 -24.98369 -24.52488 -24.15591 -23.89032
 -27.50927 -27.49718 -27.48292 -27.46111 -27.44262 -27.42173 -27.38680 -27.35204
 -27.30987 -27.24817 -27.20122 -27.14826 -27.04269 -26.94214 -26.82908 -26.65010
 -26.50118 -26.34008 -26.07924 -25.85352 -25.60681 -25.22776 -24.91919 -24.66679
 -27.61306 -27.60379 -27.59274 -27.57533 -27.55999 -27.54225 -27.51289 -27.48452
 -27.45066 -27.40061 -27.36116 -27.31608 -27.22937 -27.14654 -27.05209 -26.90316
 -26.77798 -26.64117 -26.42188 -26.23010 -26.01726 -25.69074 -25.42195 -25.17825
 -27.72307 -27.71680 -27.70914 -27.69641 -27.68441 -27.67000 -27.64654 -27.62495
 -27.59991 -27.56220 -27.53070 -27.49397 -27.42725 -27.36320 -27.28849 -27.17142
 -27.07138 -26.96034 -26.78509 -26.62927 -26.45233 -26.18150 -25.95488 -25.72040
 -27.84828 -27.84496 -27.84080 -27.83310 -27.82494 -27.81452 -27.79780 -27.78338
 -27.76737 -27.74252 -27.71990 -27.69290 -27.64791 -27.60407 -27.55092 -27.46887
 -27.39692 -27.31478 -27.18750 -27.07133 -26.93498 -26.72643 -26.54759 -26.35073
 -27.93748 -27.93475 -27.93172 -27.92647 -27.92096 -27.91378 -27.90167 -27.89049
 -27.87757 -27.85783 -27.84088 -27.82124 -27.78746 -27.75383 -27.71306 -27.65079
 -27.59611 -27.53270 -27.43182 -27.33904 -27.23006 -27.06143 -26.91538 -26.75325
 -28.06199 -28.06024 -28.05810 -28.05437 -28.05061 -28.04589 -28.03802 -28.03071
 -28.02224 -28.00957 -27.99907 -27.98640 -27.96180 -27.93981 -27.91535 -27.87217
 -27.83389 -27.79168 -27.72182 -27.65645 -27.57981 -27.45963 -27.35363 -27.23348
 -28.21727 -28.21613 -28.21468 -28.21231 -28.21014 -28.20760 -28.20349 -28.19964
 -28.19508 -28.18788 -28.18151 -28.17401 -28.16104 -28.14790 -28.13171 -28.10679
 -28.08492 -28.05908 -28.01564 -27.97520 -27.92811 -27.85452 -27.78868 -27.71244
 -28.31748 -28.31681 -28.31592 -28.31435 -28.31282 -28.31097 -28.30802 -28.30542
 -28.30245 -28.29784 -28.29371 -28.28865 -28.27932 -28.27022 -28.25947 -28.24244
 -28.22691 -28.20862 -28.17924 -28.15131 -28.11779 -28.06611 -28.01927 -27.96382
 -28.42143 -28.42108 -28.42083 -28.42031 -28.41949 -28.41819 -28.41593 -28.41396
 -28.41182 -28.40869 -28.40601 -28.40277 -28.39669 -28.39074 -28.38378 -28.37287
 -28.36262 -28.35016 -28.33028 -28.31187 -28.28977 -28.25413 -28.22205 -28.18504
 -28.53637 -28.53621 -28.53588 -28.53520 -28.53452 -28.53371 -28.53246 -28.53139
 -28.53021 -28.52837 -28.52672 -28.52485 -28.52196 -28.51864 -28.51399 -28.50678
 -28.50070 -28.49370 -28.48173 -28.47013 -28.45630 -28.43484 -28.41556 -28.39284
 -28.61207 -28.61214 -28.61222 -28.61219 -28.61194 -28.61145 -28.61050 -28.60960
 -28.60858 -28.60704 -28.60570 -28.60436 -28.60291 -28.60127 -28.59841 -28.59274
 -28.58854 -28.58469 -28.57709 -28.56920 -28.55967 -28.54424 -28.53080 -28.51563
 -28.71017 -28.70977 -28.70904 -28.70804 -28.70768 -28.70771 -28.70775 -28.70729
 -28.70631 -28.70505 -28.70474 -28.70468 -28.70309 -28.70243 -28.70237 -28.69896
 -28.69644 -28.69515 -28.69044 -28.68543 -28.68057 -28.67383 -28.66679 -28.65755
 -28.74292 -28.74300 -28.74315 -28.74337 -28.74346 -28.74347 -28.74342 -28.74341
 -28.74345 -28.74361 -28.74381 -28.74376 -28.74249 -28.74180 -28.74183 -28.74108
 -28.73995 -28.73881 -28.73775 -28.73747 -28.73680 -28.73268 -28.72998 -28.72883
 -28.57411 -28.57410 -28.57406 -28.57400 -28.57398 -28.57397 -28.57397 -28.57396
 -28.57395 -28.57395 -28.57397 -28.57404 -28.57426 -28.57440 -28.57446 -28.57460
 -28.57481 -28.57503 -28.57517 -28.57539 -28.57560 -28.57493 -28.57462 -28.57504
 -28.26697 -28.26697 -28.26697 -28.26695 -28.26692 -28.26689 -28.26686 -28.26688
 -28.26695 -28.26721 -28.26761 -28.26805 -28.26820 -28.26838 -28.26882 -28.26934
 -28.26972 -28.27014 -28.27063 -28.27126 -28.27211 -28.27289 -28.27390 -28.27564
 -28.00862 -28.00857 -28.00854 -28.00855 -28.00862 -28.00875 -28.00894 -28.00907
 -28.00918 -28.00935 -28.00958 -28.00987 -28.01020 -28.01042 -28.01070 -28.01131
 -28.01189 -28.01246 -28.01310 -28.01367 -28.01454 -28.01638 -28.01816 -28.02021
 -27.91702 -27.91701 -27.91701 -27.91701 -27.91702 -27.91704 -27.91709 -27.91712
 -27.91713 -27.91699 -27.91667 -27.91676 -27.91914 -27.92048 -27.92034 -27.92046
 -27.92029 -27.92006 -27.92253 -27.92393 -27.92384 -27.92586 -27.92827 -27.93043
 -27.88873 -27.88878 -27.88886 -27.88886 -27.88867 -27.88839 -27.88839 -27.88908
 -27.89034 -27.89185 -27.89207 -27.89161 -27.89186 -27.89228 -27.89225 -27.89173
 -27.89278 -27.89513 -27.89593 -27.89539 -27.89539 -27.89738 -27.90005 -27.90273
 -27.97004 -27.96999 -27.96993 -27.96993 -27.97010 -27.97035 -27.97043 -27.96996
 -27.96917 -27.96892 -27.97035 -27.97264 -27.97346 -27.97321 -27.97334 -27.97381
 -27.97351 -27.97314 -27.97577 -27.97723 -27.97718 -27.97974 -27.98094 -27.98091
 -28.06131 -28.06130 -28.06128 -28.06129 -28.06132 -28.06141 -28.06162 -28.06187
 -28.06217 -28.06246 -28.06246 -28.06238 -28.06270 -28.06307 -28.06339 -28.06403
 -28.06479 -28.06559 -28.06600 -28.06629 -28.06697 -28.06836 -28.07012 -28.07241
 -28.16750 -28.16750 -28.16752 -28.16752 -28.16749 -28.16744 -28.16747 -28.16765
 -28.16795 -28.16826 -28.16825 -28.16814 -28.16857 -28.16906 -28.16944 -28.16993
 -28.17045 -28.17102 -28.17149 -28.17175 -28.17219 -28.17345 -28.17506 -28.17709
 -28.27553 -28.27554 -28.27556 -28.27556 -28.27552 -28.27546 -28.27546 -28.27560
 -28.27587 -28.27623 -28.27638 -28.27637 -28.27627 -28.27648 -28.27704 -28.27781
 -28.27802 -28.27798 -28.27847 -28.27900 -28.27951 -28.28069 -28.28168 -28.28274
 -28.33169 -28.33170 -28.33172 -28.33172 -28.33167 -28.33160 -28.33160 -28.33179
 -28.33215 -28.33262 -28.33277 -28.33275 -28.33274 -28.33267 -28.33267 -28.33345
 -28.33380 -28.33371 -28.33438 -28.33482 -28.33480 -28.33539 -28.33636 -28.33759
 -28.37347 -28.37347 -28.37347 -28.37347 -28.37348 -28.37348 -28.37348 -28.37346
 -28.37345 -28.37344 -28.37347 -28.37348 -28.37335 -28.37365 -28.37433 -28.37463
 -28.37458 -28.37459 -28.37458 -28.37493 -28.37551 -28.37559 -28.37592 -28.37684
 -28.36371 -28.36372 -28.36374 -28.36374 -28.36370 -28.36362 -28.36362 -28.36381
 -28.36415 -28.36460 -28.36475 -28.36473 -28.36475 -28.36468 -28.36450 -28.36448
 -28.36451 -28.36451 -28.36460 -28.36494 -28.36542 -28.36563 -28.36545 -28.36533
 -28.33372 -28.33371 -28.33370 -28.33370 -28.33372 -28.33375 -28.33375 -28.33368
 -28.33355 -28.33337 -28.33332 -28.33332 -28.33331 -28.33334 -28.33343 -28.33349
 -28.33338 -28.33336 -28.33424 -28.33467 -28.33443 -28.33434 -28.33435 -28.33439
 -28.30024 -28.30021 -28.30017 -28.30017 -28.30028 -28.30043 -28.30043 -28.30004
 -28.29932 -28.29837 -28.29805 -28.29810 -28.29803 -28.29822 -28.29872 -28.29889
 -28.29858 -28.29855 -28.30031 -28.30084 -28.29981 -28.29936 -28.29961 -28.29990
 -28.26221 -28.26216 -28.26208 -28.26208 -28.26228 -28.26258 -28.26257 -28.26182
 -28.26043 -28.25859 -28.25799 -28.25807 -28.25794 -28.25832 -28.25929 -28.25958
 -28.25905 -28.25900 -28.26176 -28.26242 -28.26048 -28.25961 -28.26013 -28.26072
---------------------/ IGRD= 1  / IPRT= 1  /--------/ Z1= 6   / DATE= 18/07/15
 -26.57110 -26.55709 -26.54167 -26.51800 -26.49572 -26.46748 -26.41784 -26.37084
 -26.31687 -26.23627 -26.16655 -26.08611 -25.95807 -25.83891 -25.69720 -25.47854
 -25.28125 -25.05191 -24.71997 -24.43617 -24.11022 -23.63190 -23.22655 -22.77766
 -26.69275 -26.68059 -26.66717 -26.64650 -26.62704 -26.60240 -26.55923 -26.51836
 -26.47133 -26.40080 -26.33968 -26.26929 -26.15769 -26.05373 -25.92960 -25.73729
 -25.56358 -25.36167 -25.06866 -24.81810 -24.53045 -24.10572 -23.74415 -23.34323
 -26.84601 -26.83619 -26.82528 -26.80839 -26.79248 -26.77239 -26.73737 -26.70423
 -26.66593 -26.60807 -26.55779 -26.50008 -26.40917 -26.32438 -26.22239 -26.06327
 -25.91928 -25.75192 -25.50796 -25.29928 -25.05989 -24.70267 -24.39624 -24.05576
 -26.94697 -26.93868 -26.92943 -26.91503 -26.90145 -26.88437 -26.85471 -26.82666
 -26.79411 -26.74460 -26.70146 -26.65209 -26.57482 -26.50265 -26.41525 -26.27800
 -26.15357 -26.00898 -25.79733 -25.61623 -25.40862 -25.09588 -24.82577 -24.52510
 -27.05398 -27.04731 -27.03982 -27.02806 -27.01696 -27.00306 -26.97909 -26.95643
 -26.92998 -26.88933 -26.85375 -26.81323 -26.75041 -26.69161 -26.61968 -26.50561
 -26.40192 -26.28146 -26.10405 -25.95220 -25.77829 -25.51268 -25.28107 -25.02261
 -27.17563 -27.17082 -27.16532 -27.15656 -27.14827 -27.13799 -27.12049 -27.10396
 -27.08444 -27.05385 -27.02688 -26.99642 -26.95003 -26.90643 -26.85208 -26.76436
 -26.68425 -26.59122 -26.45274 -26.33413 -26.19852 -25.98650 -25.79866 -25.58817
 -27.26198 -27.25840 -27.25427 -27.24760 -27.24130 -27.23354 -27.22048 -27.20812
 -27.19334 -27.16971 -27.14872 -27.12522 -27.09011 -27.05694 -27.01473 -26.94537
 -26.88172 -26.80782 -26.69672 -26.60125 -26.49195 -26.31729 -26.16036 -25.98367
 -27.38395 -27.38138 -27.37855 -27.37438 -27.37058 -27.36578 -27.35724 -27.34886
 -27.33877 -27.32272 -27.30854 -27.29271 -27.26902 -27.24645 -27.21746 -27.16960
 -27.12550 -27.07425 -26.99743 -26.92910 -26.84759 -26.71785 -26.60164 -26.46891
 -27.53773 -27.53606 -27.53430 -27.53200 -27.53003 -27.52746 -27.52257 -27.51757
 -27.51146 -27.50171 -27.49315 -27.48366 -27.46959 -27.45596 -27.43810 -27.40858
 -27.38132 -27.34921 -27.29974 -27.25576 -27.20392 -27.11938 -27.04204 -26.95327
 -27.63860 -27.63710 -27.63572 -27.63446 -27.63364 -27.63230 -27.62884 -27.62494
 -27.62029 -27.61353 -27.60793 -27.60166 -27.59180 -27.58176 -27.56858 -27.54753
 -27.52797 -27.50438 -27.46890 -27.43693 -27.39797 -27.33540 -27.27858 -27.21254
 -27.74453 -27.74398 -27.74352 -27.74296 -27.74241 -27.74154 -27.73958 -27.73741
 -27.73466 -27.73012 -27.72597 -27.72114 -27.71360 -27.70678 -27.69847 -27.68383
 -27.66963 -27.65308 -27.62858 -27.60624 -27.57854 -27.53367 -27.49251 -27.44427
 -27.86657 -27.86671 -27.86657 -27.86565 -27.86454 -27.86340 -27.86226 -27.86151
 -27.86041 -27.85776 -27.85484 -27.85136 -27.84624 -27.84188 -27.83667 -27.82745
 -27.81885 -27.80891 -27.79201 -27.77626 -27.75806 -27.72850 -27.70079 -27.66803
 -27.95029 -27.95033 -27.95065 -27.95097 -27.95091 -27.95053 -27.94943 -27.94823
 -27.94690 -27.94517 -27.94380 -27.94219 -27.93928 -27.93573 -27.93086 -27.92438
 -27.91799 -27.90889 -27.89575 -27.88488 -27.87186 -27.85053 -27.83004 -27.80525
 -28.06972 -28.06959 -28.06944 -28.06921 -28.06898 -28.06865 -28.06803 -28.06739
 -28.06660 -28.06529 -28.06412 -28.06279 -28.06079 -28.05890 -28.05647 -28.05232
 -28.04821 -28.04313 -28.03536 -28.02857 -28.02044 -28.00621 -27.99310 -27.97811
 -28.20102 -28.20086 -28.20067 -28.20038 -28.20016 -28.19999 -28.19988 -28.19981
 -28.19961 -28.19896 -28.19822 -28.19744 -28.19655 -28.19567 -28.19438 -28.19252
 -28.19069 -28.18812 -28.18402 -28.18056 -28.17659 -28.16954 -28.16255 -28.15426
 -28.20825 -28.20838 -28.20843 -28.20828 -28.20806 -28.20786 -28.20783 -28.20795
 -28.20807 -28.20804 -28.20785 -28.20755 -28.20706 -28.20693 -28.20703 -28.20629
 -28.20556 -28.20525 -28.20390 -28.20245 -28.20118 -28.19853 -28.19572 -28.19239
 -28.06471 -28.06490 -28.06508 -28.06515 -28.06512 -28.06516 -28.06548 -28.06592
 -28.06641 -28.06700 -28.06740 -28.06783 -28.06855 -28.06917 -28.06989 -28.07134
 -28.07285 -28.07455 -28.07668 -28.07839 -28.08042 -28.08296 -28.08492 -28.08720
 -27.82641 -27.82646 -27.82646 -27.82631 -27.82620 -27.82630 -27.82703 -27.82793
 -27.82888 -27.82982 -27.83044 -27.83133 -27.83339 -27.83522 -27.83679 -27.83873
 -27.84095 -27.84426 -27.84889 -27.85285 -27.85786 -27.86535 -27.87058 -27.87549
 -27.71164 -27.71165 -27.71146 -27.71115 -27.71100 -27.71102 -27.71145 -27.71209
 -27.71295 -27.71439 -27.71562 -27.71691 -27.71865 -27.72043 -27.72282 -27.72611
 -27.72901 -27.73269 -27.73800 -27.74236 -27.74756 -27.75669 -27.76391 -27.77031
 -27.65015 -27.65009 -27.65014 -27.65061 -27.65121 -27.65186 -27.65257 -27.65306
 -27.65368 -27.65497 -27.65621 -27.65747 -27.65891 -27.66048 -27.66285 -27.66592
 -27.66899 -27.67365 -27.68061 -27.68557 -27.69033 -27.69809 -27.70581 -27.71479
 -27.70169 -27.70194 -27.70212 -27.70212 -27.70200 -27.70195 -27.70228 -27.70287
 -27.70370 -27.70511 -27.70631 -27.70751 -27.70904 -27.71083 -27.71352 -27.71689
 -27.71960 -27.72336 -27.73017 -27.73586 -27.74137 -27.74964 -27.75724 -27.76570
 -27.78239 -27.78320 -27.78391 -27.78422 -27.78410 -27.78404 -27.78464 -27.78554
 -27.78652 -27.78751 -27.78809 -27.78882 -27.79047 -27.79277 -27.79571 -27.79788
 -27.80002 -27.80453 -27.81078 -27.81572 -27.82154 -27.82848 -27.83406 -27.84148
 -27.88863 -27.88856 -27.88844 -27.88821 -27.88811 -27.88825 -27.88905 -27.89002
 -27.89105 -27.89216 -27.89297 -27.89409 -27.89650 -27.89852 -27.90021 -27.90260
 -27.90519 -27.90879 -27.91445 -27.91827 -27.92170 -27.92942 -27.93617 -27.94188
 -28.00757 -28.00766 -28.00781 -28.00810 -28.00838 -28.00867 -28.00899 -28.00925
 -28.00960 -28.01033 -28.01111 -28.01208 -28.01362 -28.01488 -28.01618 -28.01820
 -28.02030 -28.02303 -28.02717 -28.03075 -28.03485 -28.04081 -28.04586 -28.05157
 -28.07777 -28.07796 -28.07818 -28.07849 -28.07871 -28.07887 -28.07897 -28.07906
 -28.07927 -28.07993 -28.08067 -28.08144 -28.08234 -28.08322 -28.08454 -28.08641
 -28.08803 -28.09008 -28.09327 -28.09624 -28.09978 -28.10466 -28.10870 -28.11338
 -28.14182 -28.14181 -28.14184 -28.14199 -28.14218 -28.14239 -28.14265 -28.14282
 -28.14300 -28.14329 -28.14362 -28.14409 -28.14501 -28.14582 -28.14659 -28.14754
 -28.14856 -28.15003 -28.15208 -28.15387 -28.15613 -28.15929 -28.16192 -28.16498
 -28.16055 -28.16056 -28.16056 -28.16050 -28.16045 -28.16045 -28.16062 -28.16083
 -28.16105 -28.16123 -28.16132 -28.16148 -28.16191 -28.16230 -28.16265 -28.16314
 -28.16356 -28.16412 -28.16543 -28.16654 -28.16746 -28.16915 -28.17059 -28.17188
 -28.13990 -28.13990 -28.13990 -28.13989 -28.13990 -28.13996 -28.14016 -28.14036
 -28.14049 -28.14047 -28.14037 -28.14035 -28.14064 -28.14101 -28.14137 -28.14182
 -28.14210 -28.14236 -28.14304 -28.14371 -28.14431 -28.14498 -28.14566 -28.14663
 -28.10133 -28.10129 -28.10132 -28.10153 -28.10177 -28.10199 -28.10207 -28.10200
 -28.10192 -28.10194 -28.10200 -28.10201 -28.10182 -28.10187 -28.10224 -28.10228
 -28.10224 -28.10259 -28.10307 -28.10333 -28.10358 -28.10395 -28.10435 -28.10491
 -28.05528 -28.05520 -28.05526 -28.05574 -28.05628 -28.05667 -28.05659 -28.05619
 -28.05585 -28.05594 -28.05626 -28.05633 -28.05553 -28.05516 -28.05556 -28.05508
 -28.05463 -28.05514 -28.05549 -28.05527 -28.05512 -28.05527 -28.05543 -28.05550
---------------------/ IGRD= 1  / IPRT= 1  /--------/ Z1= 7   / DATE= 18/07/15
 -25.95264 -25.94164 -25.92341 -25.89342 -25.87067 -25.84907 -25.81590 -25.78193
 -25.73794 -25.66786 -25.60892 -25.54485 -25.44369 -25.34764 -25.23116 -25.04616
 -24.87393 -24.66639 -24.34029 -24.06528 -23.76815 -23.31698 -22.93370 -22.51425
 -26.06695 -26.05723 -26.04141 -26.01546 -25.99565 -25.97664 -25.94728 -25.91730
 -25.87856 -25.81672 -25.76441 -25.70733 -25.61743 -25.53270 -25.43025 -25.26652
 -25.11365 -24.92960 -24.64039 -24.39592 -24.13114 -23.72894 -23.38583 -23.00855
 -26.21097 -26.20285 -26.19008 -26.16922 -26.15311 -26.13735 -26.11281 -26.08785
 -26.05573 -26.00426 -25.96032 -25.91202 -25.83632 -25.76585 -25.68108 -25.54414
 -25.41567 -25.26122 -25.01847 -24.81247 -24.58847 -24.24796 -23.95546 -23.63130
 -26.30583 -26.29877 -26.28800 -26.27050 -26.25682 -26.24322 -26.22184 -26.20019
 -26.17243 -26.12780 -26.08936 -26.04685 -25.98050 -25.91942 -25.84630 -25.72701
 -25.61461 -25.47965 -25.26750 -25.08684 -24.88970 -24.58983 -24.33067 -24.04149
 -26.40639 -26.40045 -26.39180 -26.37786 -26.36676 -26.35543 -26.33741 -26.31927
 -26.29613 -26.25875 -26.22615 -26.18978 -26.13334 -26.08221 -26.02143 -25.92085
 -25.82548 -25.71119 -25.53149 -25.37769 -25.20901 -24.95222 -24.72840 -24.47630
 -26.52070 -26.51604 -26.50980 -26.49990 -26.49174 -26.48300 -26.46880 -26.45464
 -26.43676 -26.40761 -26.38165 -26.35225 -26.30708 -26.26726 -26.22052 -26.14121
 -26.06520 -25.97440 -25.83158 -25.70832 -25.57200 -25.36418 -25.18053 -24.97060
 -26.60180 -26.59805 -26.59353 -26.58649 -26.58042 -26.57351 -26.56202 -26.55069
 -26.53653 -26.51323 -26.49198 -26.46753 -26.43035 -26.39857 -26.36178 -26.29756
 -26.23529 -26.16116 -26.04451 -25.94291 -25.82955 -25.65648 -25.50133 -25.32131
 -26.71629 -26.71365 -26.71135 -26.70808 -26.70474 -26.70022 -26.69223 -26.68455
 -26.67526 -26.65978 -26.64512 -26.62780 -26.60178 -26.58053 -26.55645 -26.51232
 -26.46880 -26.41721 -26.33540 -26.26305 -26.18125 -26.05494 -25.93873 -25.80085
 -26.86363 -26.86212 -26.86032 -26.85756 -26.85523 -26.85262 -26.84827 -26.84390
 -26.83835 -26.82907 -26.82049 -26.81051 -26.79522 -26.78208 -26.76698 -26.74105
 -26.71500 -26.68265 -26.63137 -26.58643 -26.53521 -26.45315 -26.37642 -26.28525
 -26.96092 -26.96015 -26.95852 -26.95575 -26.95377 -26.95208 -26.94954 -26.94678
 -26.94294 -26.93628 -26.93014 -26.92308 -26.91213 -26.90249 -26.89140 -26.87330
 -26.85505 -26.83195 -26.79575 -26.76348 -26.72569 -26.66516 -26.60852 -26.54062
 -27.06235 -27.06164 -27.06115 -27.06048 -27.05967 -27.05844 -27.05612 -27.05385
 -27.05113 -27.04685 -27.04310 -27.03880 -27.03173 -27.02492 -27.01656 -27.00295
 -26.99041 -26.97536 -26.95013 -26.92697 -26.90003 -26.85616 -26.81587 -26.76835
 -27.17937 -27.17899 -27.17862 -27.17804 -27.17741 -27.17656 -27.17511 -27.17376
 -27.17215 -27.16946 -27.16685 -27.16370 -27.15884 -27.15475 -27.15008 -27.14170
 -27.13310 -27.12244 -27.10563 -27.09051 -27.07281 -27.04445 -27.01762 -26.98504
 -27.26212 -27.26182 -27.26162 -27.26131 -27.26089 -27.26023 -27.25909 -27.25809
 -27.25700 -27.25522 -27.25348 -27.25132 -27.24781 -27.24466 -27.24098 -27.23484
 -27.22879 -27.22117 -27.20849 -27.19741 -27.18485 -27.16330 -27.14278 -27.11857
 -27.37917 -27.37906 -27.37879 -27.37834 -27.37802 -27.37777 -27.37740 -27.37697
 -27.37632 -27.37502 -27.37362 -27.37188 -27.36941 -27.36768 -27.36589 -27.36215
 -27.35817 -27.35336 -27.34554 -27.33831 -27.32973 -27.31583 -27.30281 -27.28716
 -27.52423 -27.52428 -27.52441 -27.52450 -27.52430 -27.52382 -27.52301 -27.52250
 -27.52216 -27.52176 -27.52131 -27.52062 -27.51935 -27.51815 -27.51680 -27.51492
 -27.51312 -27.51052 -27.50527 -27.50105 -27.49705 -27.48956 -27.48207 -27.47318
 -27.61744 -27.61752 -27.61759 -27.61758 -27.61740 -27.61706 -27.61655 -27.61626
 -27.61610 -27.61592 -27.61564 -27.61514 -27.61411 -27.61304 -27.61187 -27.61071
 -27.60954 -27.60768 -27.60496 -27.60267 -27.59988 -27.59512 -27.59040 -27.58434
 -27.71229 -27.71194 -27.71179 -27.71188 -27.71209 -27.71234 -27.71247 -27.71221
 -27.71162 -27.71084 -27.71065 -27.71091 -27.71133 -27.71117 -27.71033 -27.70842
 -27.70721 -27.70659 -27.70564 -27.70415 -27.70192 -27.69877 -27.69573 -27.69176
 -27.81421 -27.81360 -27.81345 -27.81362 -27.81374 -27.81370 -27.81359 -27.81363
 -27.81380 -27.81403 -27.81402 -27.81382 -27.81367 -27.81395 -27.81427 -27.81299
 -27.81231 -27.81263 -27.81110 -27.80926 -27.80825 -27.80774 -27.80608 -27.80292
 -27.88087 -27.88081 -27.88079 -27.88081 -27.88082 -27.88081 -27.88079 -27.88079
 -27.88082 -27.88086 -27.88086 -27.88082 -27.88080 -27.88085 -27.88091 -27.88068
 -27.88079 -27.88096 -27.87885 -27.87723 -27.87720 -27.87775 -27.87677 -27.87424
 -27.96547 -27.96547 -27.96547 -27.96547 -27.96547 -27.96546 -27.96545 -27.96545
 -27.96546 -27.96546 -27.96545 -27.96544 -27.96544 -27.96547 -27.96548 -27.96534
 -27.96558 -27.96574 -27.96311 -27.96130 -27.96143 -27.96150 -27.96167 -27.96189
 -28.04575 -28.04576 -28.04579 -28.04579 -28.04574 -28.04564 -28.04549 -28.04542
 -28.04539 -28.04541 -28.04543 -28.04544 -28.04543 -28.04543 -28.04542 -28.04544
 -28.04543 -28.04542 -28.04558 -28.04560 -28.04539 -28.04518 -28.04497 -28.04467
 -28.08283 -28.08283 -28.08282 -28.08282 -28.08283 -28.08284 -28.08286 -28.08287
 -28.08287 -28.08287 -28.08287 -28.08287 -28.08287 -28.08287 -28.08287 -28.08286
 -28.08287 -28.08287 -28.08282 -28.08283 -28.08285 -28.08259 -28.08242 -28.08247
 -28.10673 -28.10673 -28.10673 -28.10673 -28.10673 -28.10673 -28.10672 -28.10671
 -28.10671 -28.10671 -28.10671 -28.10671 -28.10671 -28.10671 -28.10671 -28.10671
 -28.10672 -28.10672 -28.10670 -28.10677 -28.10692 -28.10705 -28.10706 -28.10704
 -28.11417 -28.11417 -28.11417 -28.11417 -28.11417 -28.11418 -28.11418 -28.11418
 -28.11418 -28.11418 -28.11418 -28.11418 -28.11418 -28.11418 -28.11418 -28.11418
 -28.11419 -28.11419 -28.11411 -28.11425 -28.11460 -28.11470 -28.11463 -28.11464
 -28.10784 -28.10784 -28.10784 -28.10784 -28.10784 -28.10784 -28.10784 -28.10784
 -28.10784 -28.10784 -28.10784 -28.10784 -28.10784 -28.10784 -28.10784 -28.10784
 -28.10784 -28.10784 -28.10783 -28.10785 -28.10790 -28.10791 -28.10790 -28.10790
 -28.08448 -28.08448 -28.08448 -28.08448 -28.08448 -28.08448 -28.08448 -28.08448
 -28.08448 -28.08448 -28.08448 -28.08448 -28.08448 -28.08448 -28.08448 -28.08448
 -28.08448 -28.08448 -28.08448 -28.08448 -28.08450 -28.08450 -28.08450 -28.08450
 -28.03681 -28.03681 -28.03681 -28.03681 -28.03681 -28.03681 -28.03681 -28.03681
 -28.03681 -28.03681 -28.03681 -28.03681 -28.03681 -28.03681 -28.03681 -28.03681
 -28.03681 -28.03682 -28.03677 -28.03686 -28.03710 -28.03719 -28.03715 -28.03715
 -27.99655 -27.99655 -27.99655 -27.99655 -27.99655 -27.99655 -27.99655 -27.99655
 -27.99655 -27.99655 -27.99655 -27.99655 -27.99655 -27.99655 -27.99655 -27.99655
 -27.99655 -27.99655 -27.99655 -27.99654 -27.99651 -27.99650 -27.99651 -27.99651
 -27.94678 -27.94678 -27.94678 -27.94678 -27.94678 -27.94678 -27.94678 -27.94678
 -27.94678 -27.94678 -27.94678 -27.94678 -27.94678 -27.94678 -27.94678 -27.94678
 -27.94678 -27.94678 -27.94678 -27.94678 -27.94680 -27.94681 -27.94680 -27.94680
 -27.88983 -27.88983 -27.88983 -27.88983 -27.88983 -27.88983 -27.88983 -27.88983
 -27.88983 -27.88983 -27.88983 -27.88983 -27.88983 -27.88983 -27.88983 -27.88983
 -27.88983 -27.88983 -27.88983 -27.88982 -27.88981 -27.88980 -27.88980 -27.88980
C-------------------------------------------------------------------------------
C
C     RADIATED POWERS IN UNITS OF W CM**3 
C     ----------------------------------- 
C
C     INPUT DATA
C         FOR YEAR: 96 AND WITH PREFIX: pj 
C         FOR N  RECOMBINING ION CHARGE(S)  1 TO  7
C
C     CODE     : ADAS404
C     PRODUCER : Martin O'Mullane              
C     DATE     : 18/07/15
C
C-------------------------------------------------------------------------------
C
C  Re-run because of un-physical excitation rate in N2+ adf04 file.
C
C  PRODUCER : Martin O'Mullane              
C  DATE     : 18-07-2015
C
C-------------------------------------------------------------------------------

C-----------------------------------------------------------------------
C                               OPEN-ADAS
C                               +++++++++
C
C This file has been downloaded from OPEN-ADAS (http://open.adas.ac.uk)
C on 13-Jul-2017.
C
C TERMS AND CONDITIONS
C --------------------
C
C The user of the OPEN-ADAS system and data (hereinafter "the User")
C accepts the following terms and conditions:
C
C   1. The University of Strathclyde uses all reasonable endeavours to
C      ensure the accuracy of the data provided and any information
C      given, but the University makes no warranty, expressed or implied
C      as to its accuracy, integrity, fitness for purpose and shall not
C      be responsible for the use to which the data is put by the User
C      and/or any consequences arising out of any inaccuracies or
C      omissions.
C
C   2. Any downloaded OPEN-ADAS file is made available for the
C      personal use of the User only.  It must not be used for any
C      commercial application, incorporated into any web site or in
C      any form re-distributed without express prior written permission
C      from the ADAS Project. In particular, but not by way of
C      limitation, it must not be:
C        *  inserted into a managed database structure,
C        *  redistributed along with a modelling or analysis code,
C        *  made available on a public website.
C
C Permission for OPEN-ADAS data incorporation in non-commercial
C code/system development for scientific advance will not be
C unreasonably withheld, but will be subject to written agreement
C on a case by case basis.
C
C The User will indemnify the University of Strathclyde and keep it
C fully and effectively indemnified against each and every claim made
C against the University as a result of the User's use of the data.
C
C-----------------------------------------------------------------------
