    7   24   30    1    7     /NITROGEN           /GCR PROJECT      
--------------------------------------------------------------------------------
   7.69897   8.00000   8.30103   8.69897   9.00000   9.30103   9.69897  10.00000
  10.30103  10.69897  11.00000  11.30103  11.69897  12.00000  12.30103  12.69897
  13.00000  13.30103  13.69897  14.00000  14.30103  14.69897  15.00000  15.30103
  -0.69877  -0.52268  -0.30083  -0.15470   0.00020   0.17629   0.30123   0.47732
   0.69917   0.84530   1.00020   1.17629   1.30123   1.47732   1.69917   1.84530
   2.00020   2.17629   2.30123   2.47732   2.69917   2.84530   3.00020   3.17629
   3.30123   3.47732   3.69917   3.84530   4.00020   4.17629
---------------------/ IGRD= 1  / IPRT= 1  /--------/ Z1= 1   / DATE= 18/07/15
 -38.74030 -38.72692 -38.73288 -38.76292 -38.78541 -38.78173 -38.68747 -38.52821
 -38.29503 -37.89948 -37.54678 -37.15892 -36.61427 -36.17965 -35.71905 -35.14423
 -34.77714 -34.43093 -34.00072 -33.69260 -33.39067 -32.99958 -32.70792 -32.41672
 -28.11123 -28.08914 -28.06931 -28.04457 -28.02760 -28.01448 -28.01109 -28.02096
 -28.03618 -28.03238 -27.97056 -27.82298 -27.47816 -27.14762 -26.80263 -26.32659
 -25.97072 -25.63592 -25.21442 -24.90502 -24.60346 -24.21342 -23.92168 -23.63028
 -19.73403 -19.71807 -19.70895 -19.70470 -19.70464 -19.70488 -19.70388 -19.70136
 -19.69706 -19.68998 -19.68348 -19.67349 -19.63788 -19.56066 -19.40799 -19.10210
 -18.81857 -18.51367 -18.11504 -17.83134 -17.56286 -17.21919 -16.96165 -16.70307
 -16.14858 -16.13362 -16.12467 -16.11800 -16.11510 -16.11380 -16.11329 -16.11373
 -16.11506 -16.11501 -16.11227 -16.10611 -16.08255 -16.03999 -15.95890 -15.75464
 -15.52601 -15.25733 -14.90054 -14.65127 -14.41723 -14.11802 -13.89318 -13.66599
 -13.49172 -13.47983 -13.47337 -13.46862 -13.46662 -13.46636 -13.46618 -13.46556
 -13.46506 -13.46372 -13.46172 -13.45824 -13.44590 -13.41994 -13.36424 -13.21146
 -13.02974 -12.80703 -12.51101 -12.30762 -12.11778 -11.87730 -11.69779 -11.51582
 -11.45069 -11.44170 -11.43662 -11.43349 -11.43246 -11.43186 -11.43133 -11.43105
 -11.43080 -11.42996 -11.42838 -11.42522 -11.41533 -11.39654 -11.35673 -11.24100
 -11.09948 -10.92557 -10.70022 -10.54927 -10.40821 -10.23714 -10.11566  -9.99317
 -10.44673 -10.43943 -10.43534 -10.43280 -10.43193 -10.43145 -10.43113 -10.43086
 -10.43035 -10.42942 -10.42810 -10.42527 -10.41625 -10.39992 -10.36624 -10.26794
 -10.14819 -10.00293  -9.81865  -9.69757  -9.58514  -9.45376  -9.36435  -9.27480
  -9.45713  -9.45218  -9.44929  -9.44727  -9.44647  -9.44604  -9.44566  -9.44509
  -9.44401  -9.44274  -9.44137  -9.43825  -9.42982  -9.41595  -9.38813  -9.30904
  -9.21450  -9.10153  -8.95861  -8.86518  -8.78032  -8.68579  -8.62463  -8.56396
  -8.65338  -8.65099  -8.64939  -8.64793  -8.64724  -8.64685  -8.64572  -8.64437
  -8.64307  -8.64083  -8.63828  -8.63459  -8.62594  -8.61340  -8.59071  -8.52943
  -8.45713  -8.37062  -8.25777  -8.18142  -8.11227  -8.03965  -7.99632  -7.95403
  -8.28143  -8.27991  -8.27867  -8.27764  -8.27690  -8.27563  -8.27440  -8.27376
  -8.27255  -8.26981  -8.26694  -8.26316  -8.25437  -8.24233  -8.22201  -8.16881
  -8.10600  -8.02953  -7.92621  -7.85475  -7.79104  -7.72652  -7.68962  -7.65399
  -7.97319  -7.97231  -7.97086  -7.96985  -7.96973  -7.96906  -7.96768  -7.96644
  -7.96494  -7.96258  -7.96006  -7.95608  -7.94725  -7.93638  -7.91897  -7.87299
  -7.81787  -7.74984  -7.65569  -7.58916  -7.53003  -7.47216  -7.44068  -7.41067
  -7.70003  -7.69914  -7.69791  -7.69720  -7.69730  -7.69702  -7.69569  -7.69422
  -7.69276  -7.69086  -7.68874  -7.68511  -7.67758  -7.66853  -7.65382  -7.61589
  -7.57003  -7.51164  -7.42803  -7.36772  -7.31432  -7.26235  -7.23411  -7.20720
  -7.54470  -7.54381  -7.54396  -7.54413  -7.54359  -7.54269  -7.54143  -7.54063
  -7.53986  -7.53771  -7.53531  -7.53277  -7.52736  -7.51952  -7.50593  -7.47276
  -7.43305  -7.38102  -7.30451  -7.24845  -7.19876  -7.15029  -7.12382  -7.09860
  -7.37184  -7.37197  -7.37187  -7.37116  -7.37068  -7.37078  -7.37041  -7.36967
  -7.36913  -7.36754  -7.36565  -7.36367  -7.35893  -7.35219  -7.34121  -7.31457
  -7.28169  -7.23708  -7.16982  -7.11970  -7.07489  -7.03121  -7.00758  -6.98512
  -7.21401  -7.21347  -7.21337  -7.21357  -7.21351  -7.21305  -7.21236  -7.21194
  -7.21148  -7.21067  -7.20974  -7.20827  -7.20477  -7.20002  -7.19201  -7.17142
  -7.14532  -7.10942  -7.05288  -7.00879  -6.96849  -6.92854  -6.90661  -6.88572
  -7.14022  -7.14004  -7.13999  -7.14008  -7.14003  -7.13969  -7.13914  -7.13884
  -7.13864  -7.13799  -7.13717  -7.13619  -7.13366  -7.12977  -7.12301  -7.10604
  -7.08393  -7.05220  -7.00195  -6.96223  -6.92429  -6.88533  -6.86352  -6.84268
  -7.08590  -7.08601  -7.08604  -7.08593  -7.08578  -7.08559  -7.08515  -7.08490
  -7.08498  -7.08465  -7.08388  -7.08293  -7.08072  -7.07753  -7.07209  -7.05820
  -7.03957  -7.01202  -6.96625  -6.92930  -6.89470  -6.85849  -6.83709  -6.81643
  -7.04647  -7.04630  -7.04631  -7.04616  -7.04599  -7.04606  -7.04584  -7.04554
  -7.04556  -7.04521  -7.04451  -7.04377  -7.04226  -7.04003  -7.03587  -7.02432
  -7.00845  -6.98482  -6.94388  -6.90942  -6.87640  -6.84131  -6.82039  -6.80016
  -7.02534  -7.02508  -7.02503  -7.02512  -7.02515  -7.02510  -7.02483  -7.02465
  -7.02469  -7.02438  -7.02383  -7.02333  -7.02215  -7.02026  -7.01674  -7.00692
  -6.99285  -6.97127  -6.93494  -6.90334  -6.86973  -6.83460  -6.81593  -6.79829
  -7.00039  -7.00056  -7.00057  -7.00058  -7.00046  -7.00003  -6.99984  -7.00002
  -7.00004  -6.99996  -6.99977  -6.99925  -6.99803  -6.99661  -6.99419  -6.98575
  -6.97370  -6.95616  -6.92249  -6.89198  -6.86271  -6.83041  -6.80990  -6.78984
  -6.97396  -6.97475  -6.97484  -6.97468  -6.97431  -6.97336  -6.97329  -6.97395
  -6.97394  -6.97419  -6.97446  -6.97384  -6.97250  -6.97172  -6.97069  -6.96383
  -6.95426  -6.94198  -6.91116  -6.88165  -6.85847  -6.83007  -6.80661  -6.78276
  -6.95853  -6.95973  -6.95987  -6.95960  -6.95906  -6.95775  -6.95777  -6.95875
  -6.95871  -6.95918  -6.95976  -6.95905  -6.95764  -6.95729  -6.95715  -6.95132
  -6.94339  -6.93458  -6.90564  -6.87678  -6.85759  -6.83174  -6.80633  -6.77999
  -6.94331  -6.94494  -6.94514  -6.94475  -6.94401  -6.94234  -6.94244  -6.94376
  -6.94370  -6.94440  -6.94530  -6.94449  -6.94299  -6.94310  -6.94392  -6.93916
  -6.93296  -6.92784  -6.90088  -6.87271  -6.85773  -6.83456  -6.80709  -6.77812
  -6.92699  -6.92910  -6.92938  -6.92883  -6.92787  -6.92579  -6.92599  -6.92769
  -6.92761  -6.92858  -6.92983  -6.92890  -6.92730  -6.92794  -6.92982  -6.92626
  -6.92203  -6.92110  -6.89641  -6.86900  -6.85878  -6.83864  -6.80884  -6.77688
  -6.91585  -6.91830  -6.91863  -6.91798  -6.91686  -6.91448  -6.91476  -6.91673
  -6.91662  -6.91778  -6.91929  -6.91826  -6.91659  -6.91760  -6.92024  -6.91753
  -6.91469  -6.91673  -6.89364  -6.86677  -6.85990  -6.84189  -6.81044  -6.77637
  -6.90057  -6.90351  -6.90390  -6.90310  -6.90175  -6.89896  -6.89934  -6.90170
  -6.90157  -6.90299  -6.90486  -6.90368  -6.90189  -6.90343  -6.90713  -6.90560
  -6.90471  -6.91094  -6.89011  -6.86399  -6.86182  -6.84678  -6.81301  -6.77598
  -6.88178  -6.88532  -6.88580  -6.88481  -6.88318  -6.87987  -6.88038  -6.88322
  -6.88305  -6.88482  -6.88713  -6.88575  -6.88381  -6.88602  -6.89105  -6.89097
  -6.89251  -6.90402  -6.88603  -6.86084  -6.86455  -6.85321  -6.81653  -6.77579
  -6.86958  -6.87352  -6.87405  -6.87294  -6.87113  -6.86747  -6.86807  -6.87122
  -6.87104  -6.87303  -6.87562  -6.87410  -6.87206  -6.87471  -6.88060  -6.88147
  -6.88461  -6.89958  -6.88347  -6.85887  -6.86643  -6.85749  -6.81889  -6.77572
  -6.85675  -6.86111  -6.86170  -6.86045  -6.85845  -6.85442  -6.85512  -6.85861
  -6.85840  -6.86063  -6.86352  -6.86185  -6.85968  -6.86280  -6.86961  -6.87146
  -6.87628  -6.89493  -6.88079  -6.85683  -6.86842  -6.86200  -6.82139  -6.77565
  -6.84224  -6.84708  -6.84773  -6.84634  -6.84411  -6.83968  -6.84048  -6.84434
  -6.84411  -6.84661  -6.84984  -6.84799  -6.84567  -6.84931  -6.85717  -6.86012
  -6.86683  -6.88964  -6.87776  -6.85450  -6.87064  -6.86705  -6.82416  -6.77551
---------------------/ IGRD= 1  / IPRT= 1  /--------/ Z1= 2   / DATE= 18/07/15
 -67.65220 -67.63603 -67.60148 -67.49030 -67.33479 -67.12770 -66.80665 -66.55195
 -66.29950 -65.97678 -65.73998 -65.50452 -65.18179 -64.92684 -64.67329 -64.27182
 -63.85359 -63.37297 -62.81266 -62.36462 -61.93411 -61.43618 -61.10594 -60.80343
 -51.73145 -51.71537 -51.68409 -51.59271 -51.47330 -51.31807 -51.07010 -50.84693
 -50.57269 -50.11160 -49.69123 -49.23290 -48.60369 -48.11655 -47.60246 -46.95317
 -46.49964 -45.99045 -45.26439 -44.73266 -44.22815 -43.62272 -43.21970 -42.85552
 -34.05585 -34.05277 -34.05111 -34.05009 -34.04886 -34.04528 -34.03215 -34.01359
 -33.98874 -33.94827 -33.90413 -33.82829 -33.62288 -33.35371 -32.99888 -32.44594
 -31.99758 -31.53766 -30.92163 -30.45905 -30.01655 -29.48179 -29.11909 -28.78470
 -26.74912 -26.74495 -26.74188 -26.73818 -26.73389 -26.72613 -26.70795 -26.68791
 -26.66525 -26.63791 -26.62089 -26.60442 -26.56349 -26.48889 -26.33767 -25.99159
 -25.63506 -25.23624 -24.68449 -24.26658 -23.86587 -23.37985 -23.04629 -22.73119
 -21.22968 -21.22511 -21.22188 -21.21839 -21.21453 -21.20778 -21.19161 -21.17284
 -21.15061 -21.12346 -21.10841 -21.09749 -21.08309 -21.06147 -21.01302 -20.86306
 -20.65286 -20.35956 -19.88829 -19.51202 -19.14534 -18.69523 -18.38084 -18.07743
 -16.90424 -16.89956 -16.89580 -16.89098 -16.88606 -16.87935 -16.86475 -16.84760
 -16.82727 -16.80163 -16.78683 -16.77667 -16.76658 -16.75661 -16.73919 -16.68214
 -16.58656 -16.41794 -16.07629 -15.75749 -15.42958 -15.01740 -14.72374 -14.43520
 -14.69884 -14.69434 -14.69125 -14.68748 -14.68319 -14.67790 -14.66627 -14.65154
 -14.63338 -14.60938 -14.59479 -14.58470 -14.57599 -14.56906 -14.55742 -14.52441
 -14.46993 -14.36409 -14.11625 -13.85290 -13.56401 -13.18636 -12.91346 -12.64464
 -12.45010 -12.44589 -12.44186 -12.43754 -12.43483 -12.43125 -12.42174 -12.40927
 -12.39410 -12.37508 -12.36415 -12.35559 -12.34660 -12.34039 -12.33262 -12.31414
 -12.28501 -12.22875 -12.08175 -11.90305 -11.68414 -11.37245 -11.14016 -10.91113
 -10.59497 -10.59203 -10.58974 -10.58726 -10.58492 -10.58167 -10.57462 -10.56649
 -10.55669 -10.54374 -10.53568 -10.52938 -10.52233 -10.51667 -10.50988 -10.49657
 -10.47907 -10.44853 -10.36968 -10.26848 -10.13068  -9.91154  -9.73641  -9.56094
  -9.77037  -9.76833  -9.76703  -9.76516  -9.76273  -9.76028  -9.75537  -9.74895
  -9.74128  -9.73201  -9.72662  -9.72161  -9.71526  -9.71044  -9.70408  -9.69163
  -9.67742  -9.65575  -9.60197  -9.53135  -9.43142  -9.26413  -9.12343  -8.97829
  -9.12553  -9.12407  -9.12288  -9.12098  -9.11885  -9.11672  -9.11336  -9.10936
  -9.10367  -9.09634  -9.09252  -9.08876  -9.08325  -9.07883  -9.07376  -9.06436
  -9.05344  -9.03734  -8.99945  -8.95056  -8.88035  -8.75649  -8.64580  -8.52911
  -8.59367  -8.59252  -8.59175  -8.59067  -8.58938  -8.58812  -8.58597  -8.58316
  -8.57923  -8.57400  -8.57103  -8.56843  -8.56481  -8.56153  -8.55749  -8.55028
  -8.54244  -8.53093  -8.50480  -8.47174  -8.42337  -8.33462  -8.25145  -8.15976
  -8.31318  -8.31238  -8.31176  -8.31087  -8.30992  -8.30898  -8.30711  -8.30473
  -8.30194  -8.29838  -8.29602  -8.29390  -8.29108  -8.28855  -8.28530  -8.27952
  -8.27333  -8.26420  -8.24379  -8.21829  -8.18063  -8.10967  -8.04081  -7.96190
  -8.01818  -8.01777  -8.01724  -8.01661  -8.01627  -8.01561  -8.01415  -8.01266
  -8.01068  -8.00812  -8.00670  -8.00538  -8.00324  -8.00122  -7.99905  -7.99503
  -7.99017  -7.98331  -7.96856  -7.95006  -7.92234  -7.86904  -7.81564  -7.75139
  -7.76846  -7.76834  -7.76845  -7.76770  -7.76615  -7.76535  -7.76504  -7.76443
  -7.76389  -7.76257  -7.76093  -7.76017  -7.75938  -7.75784  -7.75657  -7.75355
  -7.74910  -7.74459  -7.73571  -7.72279  -7.70253  -7.66267  -7.62157  -7.57024
  -7.65606  -7.65592  -7.65580  -7.65577  -7.65575  -7.65544  -7.65505  -7.65482
  -7.65363  -7.65211  -7.65199  -7.65132  -7.64956  -7.64833  -7.64723  -7.64530
  -7.64284  -7.63902  -7.63069  -7.62028  -7.60419  -7.57106  -7.53546  -7.49061
  -7.57481  -7.57472  -7.57462  -7.57466  -7.57461  -7.57383  -7.57264  -7.57252
  -7.57250  -7.57176  -7.57074  -7.57039  -7.57011  -7.56911  -7.56800  -7.56641
  -7.56447  -7.56107  -7.55429  -7.54645  -7.53306  -7.50421  -7.47301  -7.43272
  -7.51614  -7.51605  -7.51585  -7.51589  -7.51604  -7.51523  -7.51388  -7.51386
  -7.51404  -7.51393  -7.51354  -7.51305  -7.51221  -7.51130  -7.51024  -7.50903
  -7.50810  -7.50609  -7.50062  -7.49340  -7.48209  -7.45783  -7.43043  -7.39451
  -7.49167  -7.49166  -7.49174  -7.49165  -7.49124  -7.49069  -7.49025  -7.49022
  -7.49010  -7.49007  -7.49016  -7.48955  -7.48841  -7.48796  -7.48729  -7.48605
  -7.48491  -7.48295  -7.47827  -7.47218  -7.46224  -7.44032  -7.41506  -7.38110
  -7.47770  -7.47757  -7.47711  -7.47633  -7.47597  -7.47590  -7.47594  -7.47589
  -7.47590  -7.47610  -7.47611  -7.47536  -7.47453  -7.47476  -7.47426  -7.47287
  -7.47182  -7.46963  -7.46563  -7.46140  -7.45273  -7.43261  -7.41013  -7.37926
  -7.48443  -7.48439  -7.48432  -7.48427  -7.48428  -7.48424  -7.48431  -7.48436
  -7.48371  -7.48276  -7.48282  -7.48298  -7.48253  -7.48175  -7.48147  -7.48130
  -7.48046  -7.47903  -7.47579  -7.47149  -7.46444  -7.44812  -7.42803  -7.39949
  -7.49777  -7.49775  -7.49773  -7.49771  -7.49771  -7.49771  -7.49769  -7.49768
  -7.49770  -7.49772  -7.49770  -7.49780  -7.49741  -7.49655  -7.49627  -7.49615
  -7.49526  -7.49380  -7.49090  -7.48730  -7.48109  -7.46591  -7.44709  -7.42102
  -7.51587  -7.51585  -7.51583  -7.51582  -7.51581  -7.51581  -7.51580  -7.51579
  -7.51582  -7.51584  -7.51582  -7.51594  -7.51552  -7.51462  -7.51438  -7.51420
  -7.51321  -7.51227  -7.51002  -7.50630  -7.50084  -7.48770  -7.47038  -7.44602
  -7.53883  -7.53883  -7.53891  -7.53898  -7.53895  -7.53891  -7.53897  -7.53900
  -7.53865  -7.53810  -7.53811  -7.53837  -7.53794  -7.53691  -7.53678  -7.53657
  -7.53541  -7.53532  -7.53393  -7.52969  -7.52507  -7.51471  -7.49917  -7.47622
  -7.55605  -7.55607  -7.55620  -7.55634  -7.55629  -7.55622  -7.55633  -7.55639
  -7.55578  -7.55482  -7.55485  -7.55522  -7.55477  -7.55364  -7.55359  -7.55337
  -7.55207  -7.55259  -7.55181  -7.54720  -7.54317  -7.53480  -7.52052  -7.49858
  -7.58121  -7.58126  -7.58148  -7.58171  -7.58163  -7.58152  -7.58170  -7.58180
  -7.58081  -7.57928  -7.57935  -7.57985  -7.57939  -7.57813  -7.57817  -7.57793
  -7.57645  -7.57782  -7.57791  -7.57277  -7.56958  -7.56400  -7.55151  -7.53099
  -7.61391  -7.61399  -7.61432  -7.61467  -7.61454  -7.61438  -7.61466  -7.61480
  -7.61333  -7.61109  -7.61120  -7.61188  -7.61140  -7.60997  -7.61014  -7.60985
  -7.60816  -7.61060  -7.61177  -7.60598  -7.60384  -7.60177  -7.59153  -7.57282
  -7.63585  -7.63594  -7.63635  -7.63677  -7.63661  -7.63642  -7.63676  -7.63692
  -7.63515  -7.63244  -7.63257  -7.63337  -7.63288  -7.63134  -7.63160  -7.63127
  -7.62943  -7.63258  -7.63446  -7.62824  -7.62679  -7.62703  -7.61828  -7.60078
  -7.65931  -7.65943  -7.65991  -7.66041  -7.66023  -7.66000  -7.66040  -7.66060
  -7.65850  -7.65529  -7.65545  -7.65638  -7.65587  -7.65422  -7.65455  -7.65420
  -7.65219  -7.65609  -7.65873  -7.65206  -7.65134  -7.65402  -7.64686  -7.63063
  -7.68618  -7.68632  -7.68689  -7.68747  -7.68725  -7.68698  -7.68746  -7.68769
  -7.68522  -7.68145  -7.68165  -7.68271  -7.68219  -7.68041  -7.68084  -7.68043
  -7.67826  -7.68300  -7.68649  -7.67932  -7.67943  -7.68488  -7.67952  -7.66475
---------------------/ IGRD= 1  / IPRT= 1  /--------/ Z1= 3   / DATE= 18/07/15
 -73.69897 -73.69897 -73.69897 -73.69897 -73.69897 -73.69897 -73.69897 -73.69897
 -73.69897 -73.69897 -73.69897 -73.69897 -73.69897 -73.69897 -73.69897 -73.69897
 -73.69897 -73.69897 -73.69897 -73.69897 -73.69897 -73.69897 -73.69897 -73.69897
 -73.69897 -73.69897 -73.69897 -73.69897 -73.69897 -73.69897 -73.69897 -73.69895
 -73.69889 -73.69857 -73.69774 -73.69531 -73.68403 -73.65623 -73.32062 -72.72033
 -72.22362 -71.68700 -70.92226 -70.30585 -69.66232 -68.77831 -68.08754 -67.40431
 -49.81712 -49.81712 -49.81711 -49.81704 -49.81682 -49.81637 -49.81485 -49.81142
 -49.80213 -49.77086 -49.72267 -49.64315 -49.46376 -49.22891 -48.89575 -48.33157
 -47.85373 -47.35333 -46.65991 -46.10879 -45.53188 -44.72785 -44.09445 -43.45595
 -38.05022 -38.05013 -38.04992 -38.04933 -38.04847 -38.04696 -38.04333 -38.03915
 -38.03493 -38.03322 -38.03678 -38.04101 -38.03178 -37.99172 -37.90243 -37.67401
 -37.38543 -37.00031 -36.39013 -35.88754 -35.36331 -34.63405 -34.05143 -33.45089
 -29.20186 -29.20041 -29.19765 -29.18963 -29.17681 -29.15353 -29.09863 -29.03882
 -28.97174 -28.89357 -28.85263 -28.82730 -28.80947 -28.80436 -28.80126 -28.78482
 -28.74112 -28.64176 -28.36536 -28.03005 -27.61272 -26.99826 -26.49680 -25.96788
 -22.27388 -22.26979 -22.26189 -22.23930 -22.20502 -22.14699 -22.02495 -21.90656
 -21.78641 -21.66013 -21.59840 -21.56155 -21.53656 -21.52710 -21.52159 -21.51696
 -21.51157 -21.50047 -21.46374 -21.39112 -21.24582 -20.91029 -20.55795 -20.14331
 -18.77756 -18.77382 -18.76637 -18.74485 -18.71241 -18.65760 -18.54148 -18.42730
 -18.31031 -18.18638 -18.12535 -18.08864 -18.06356 -18.05428 -18.04896 -18.04410
 -18.03944 -18.03202 -18.01300 -17.98008 -17.91424 -17.73624 -17.50921 -17.19815
 -15.23959 -15.23715 -15.23266 -15.22039 -15.20199 -15.17008 -15.09815 -15.02230
 -14.94005 -14.84801 -14.80146 -14.77337 -14.75322 -14.74488 -14.73912 -14.73208
 -14.72579 -14.71759 -14.70104 -14.67943 -14.63977 -14.53502 -14.40015 -14.19778
 -12.36648 -12.36518 -12.36289 -12.35681 -12.34764 -12.33144 -12.29387 -12.25276
 -12.20657 -12.15388 -12.12630 -12.10844 -12.09409 -12.08709 -12.08111 -12.07206
 -12.06438 -12.05502 -12.03670 -12.01610 -11.98539 -11.91802 -11.83570 -11.70897
 -11.11950 -11.11876 -11.11695 -11.11149 -11.10373 -11.09093 -11.06220 -11.02998
 -10.99306 -10.95031 -10.92838 -10.91451 -10.90226 -10.89548 -10.88960 -10.88134
 -10.87378 -10.86430 -10.84740 -10.82979 -10.80445 -10.75034 -10.68701 -10.59075
 -10.16863 -10.16818 -10.16663 -10.16173 -10.15533 -10.14572 -10.12491 -10.10021
 -10.07167 -10.03998 -10.02331 -10.01193 -10.00140  -9.99515  -9.98968  -9.98275
  -9.97583  -9.96686  -9.95180  -9.93543  -9.91264  -9.86864  -9.81702  -9.73869
  -9.40966  -9.40929  -9.40845  -9.40601  -9.40241  -9.39629  -9.38224  -9.36629
  -9.34771  -9.32587  -9.31405  -9.30588  -9.29828  -9.29373  -9.28923  -9.28202
  -9.27537  -9.26733  -9.25347  -9.23920  -9.21977  -9.18190  -9.13870  -9.07423
  -9.02106  -9.02074  -9.02018  -9.01867  -9.01641  -9.01243  -9.00278  -8.99085
  -8.97679  -8.96113  -8.95214  -8.94525  -8.93895  -8.93520  -8.93130  -8.92470
  -8.91800  -8.91007  -8.89810  -8.88561  -8.86798  -8.83369  -8.79564  -8.73923
  -8.62336  -8.62320  -8.62282  -8.62174  -8.62024  -8.61779  -8.61191  -8.60413
  -8.59489  -8.58510  -8.57943  -8.57466  -8.56928  -8.56591  -8.56258  -8.55679
  -8.55120  -8.54466  -8.53422  -8.52331  -8.50812  -8.47867  -8.44639  -8.39887
  -8.29380  -8.29374  -8.29357  -8.29302  -8.29214  -8.29061  -8.28711  -8.28321
  -8.27847  -8.27222  -8.26883  -8.26633  -8.26261  -8.25993  -8.25736  -8.25296
  -8.24842  -8.24281  -8.23381  -8.22467  -8.21233  -8.18897  -8.16265  -8.12329
  -8.14884  -8.14885  -8.14869  -8.14802  -8.14724  -8.14625  -8.14442  -8.14212
  -8.13900  -8.13452  -8.13185  -8.12983  -8.12717  -8.12497  -8.12248  -8.11841
  -8.11471  -8.11020  -8.10220  -8.09400  -8.08326  -8.06330  -8.04009  -8.00484
  -8.04000  -8.03987  -8.03965  -8.03920  -8.03872  -8.03807  -8.03678  -8.03522
  -8.03319  -8.03030  -8.02843  -8.02689  -8.02496  -8.02316  -8.02091  -8.01736
  -8.01422  -8.01039  -8.00353  -7.99653  -7.98723  -7.96943  -7.94923  -7.91850
  -7.95852  -7.95849  -7.95842  -7.95823  -7.95795  -7.95750  -7.95651  -7.95541
  -7.95406  -7.95215  -7.95086  -7.94968  -7.94800  -7.94650  -7.94468  -7.94168
  -7.93911  -7.93590  -7.92971  -7.92379  -7.91612  -7.90072  -7.88325  -7.85662
  -7.92172  -7.92173  -7.92174  -7.92172  -7.92159  -7.92122  -7.92025  -7.91926
  -7.91821  -7.91688  -7.91582  -7.91474  -7.91343  -7.91205  -7.91028  -7.90781
  -7.90562  -7.90270  -7.89713  -7.89182  -7.88494  -7.87111  -7.85530  -7.83101
  -7.89383  -7.89379  -7.89379  -7.89386  -7.89383  -7.89361  -7.89288  -7.89222
  -7.89149  -7.89031  -7.88943  -7.88867  -7.88763  -7.88643  -7.88491  -7.88292
  -7.88095  -7.87830  -7.87366  -7.86904  -7.86296  -7.85122  -7.83732  -7.81558
  -7.89177  -7.89177  -7.89181  -7.89191  -7.89190  -7.89167  -7.89093  -7.89038
  -7.88993  -7.88926  -7.88854  -7.88764  -7.88640  -7.88567  -7.88483  -7.88271
  -7.88089  -7.87888  -7.87496  -7.87096  -7.86572  -7.85553  -7.84369  -7.82506
  -7.90431  -7.90419  -7.90413  -7.90416  -7.90417  -7.90401  -7.90344  -7.90294
  -7.90252  -7.90210  -7.90149  -7.90065  -7.89969  -7.89891  -7.89791  -7.89615
  -7.89453  -7.89264  -7.88937  -7.88587  -7.88097  -7.87136  -7.86048  -7.84352
  -7.92276  -7.92270  -7.92266  -7.92262  -7.92260  -7.92254  -7.92234  -7.92206
  -7.92161  -7.92081  -7.92024  -7.91969  -7.91878  -7.91796  -7.91701  -7.91547
  -7.91421  -7.91263  -7.90929  -7.90593  -7.90160  -7.89320  -7.88342  -7.86797
  -7.94712  -7.94713  -7.94712  -7.94708  -7.94705  -7.94702  -7.94694  -7.94667
  -7.94624  -7.94569  -7.94521  -7.94468  -7.94403  -7.94328  -7.94235  -7.94115
  -7.93979  -7.93797  -7.93524  -7.93241  -7.92845  -7.92085  -7.91220  -7.89863
  -7.96604  -7.96603  -7.96602  -7.96599  -7.96596  -7.96594  -7.96586  -7.96559
  -7.96518  -7.96473  -7.96427  -7.96371  -7.96307  -7.96250  -7.96179  -7.96063
  -7.95929  -7.95760  -7.95516  -7.95258  -7.94892  -7.94194  -7.93400  -7.92161
  -7.99421  -7.99422  -7.99421  -7.99419  -7.99416  -7.99415  -7.99411  -7.99387
  -7.99345  -7.99283  -7.99236  -7.99178  -7.99083  -7.99064  -7.99055  -7.98915
  -7.98812  -7.98714  -7.98454  -7.98197  -7.97892  -7.97315  -7.96629  -7.95544
  -8.03134  -8.03137  -8.03138  -8.03136  -8.03134  -8.03133  -8.03133  -8.03113
  -8.03067  -8.02984  -8.02936  -8.02876  -8.02740  -8.02769  -8.02840  -8.02670
  -8.02608  -8.02600  -8.02316  -8.02059  -8.01832  -8.01409  -8.00860  -7.99973
  -8.05646  -8.05650  -8.05652  -8.05649  -8.05647  -8.05647  -8.05650  -8.05631
  -8.05581  -8.05486  -8.05437  -8.05376  -8.05212  -8.05274  -8.05397  -8.05208
  -8.05172  -8.05225  -8.04923  -8.04665  -8.04490  -8.04169  -8.03712  -8.02956
  -8.08344  -8.08349  -8.08352  -8.08350  -8.08347  -8.08348  -8.08354  -8.08336
  -8.08281  -8.08173  -8.08125  -8.08063  -8.07869  -8.07964  -8.08144  -8.07934
  -8.07927  -8.08043  -8.07722  -8.07463  -8.07342  -8.07131  -8.06771  -8.06156
  -8.11443  -8.11450  -8.11453  -8.11451  -8.11448  -8.11450  -8.11459  -8.11440
  -8.11378  -8.11259  -8.11212  -8.11146  -8.10919  -8.11053  -8.11297  -8.11064
  -8.11089  -8.11278  -8.10934  -8.10673  -8.10613  -8.10527  -8.10280  -8.09826
---------------------/ IGRD= 1  / IPRT= 1  /--------/ Z1= 4   / DATE= 18/07/15
 -74.00000 -74.00000 -74.00000 -74.00000 -74.00000 -74.00000 -74.00000 -74.00000
 -74.00000 -74.00000 -74.00000 -74.00000 -74.00000 -74.00000 -74.00000 -74.00000
 -74.00000 -74.00000 -74.00000 -74.00000 -74.00000 -74.00000 -74.00000 -74.00000
 -74.00000 -74.00000 -74.00000 -74.00000 -74.00000 -74.00000 -74.00000 -74.00000
 -74.00000 -74.00000 -74.00000 -74.00000 -74.00000 -74.00000 -74.00000 -74.00000
 -74.00000 -74.00000 -74.00000 -74.00000 -74.00000 -74.00000 -74.00000 -74.00000
 -73.78893 -73.48647 -73.21934 -72.90899 -72.70065 -72.51017 -72.28004 -72.11983
 -71.96953 -71.78282 -71.64773 -71.51395 -71.33502 -71.19643 -71.04803 -70.83160
 -70.65547 -70.46323 -70.17626 -69.93296 -69.66585 -69.27363 -68.94569 -68.59226
 -55.71992 -55.45795 -55.20605 -54.89714 -54.68355 -54.48849 -54.25823 -54.10133
 -53.95605 -53.77724 -53.64877 -53.52286 -53.35648 -53.22870 -53.09499 -52.90472
 -52.75008 -52.58248 -52.33557 -52.12796 -51.90216 -51.57929 -51.32166 -51.05537
 -42.30601 -42.11628 -41.91009 -41.63081 -41.42471 -41.23144 -41.00182 -40.84590
 -40.70377 -40.53376 -40.41445 -40.29968 -40.15032 -40.03615 -39.91883 -39.75569
 -39.62334 -39.48020 -39.27017 -39.09323 -38.89897 -38.61556 -38.38236 -38.13407
 -31.35396 -31.30682 -31.22841 -31.07441 -30.93098 -30.77438 -30.55945 -30.39985
 -30.25282 -30.08872 -29.98687 -29.89755 -29.78708 -29.70263 -29.61429 -29.48877
 -29.38480 -29.27077 -29.10079 -28.95427 -28.79033 -28.54394 -28.33224 -28.09364
 -25.71775 -25.69904 -25.66391 -25.58387 -25.49423 -25.37743 -25.18702 -25.03081
 -24.88171 -24.71803 -24.62591 -24.55487 -24.47754 -24.42139 -24.36321 -24.27821
 -24.20327 -24.11817 -23.98667 -23.86705 -23.72775 -23.50970 -23.31352 -23.08151
 -20.02798 -20.02080 -20.00647 -19.96898 -19.91861 -19.84125 -19.69274 -19.55720
 -19.42237 -19.27510 -19.19648 -19.14161 -19.09146 -19.05935 -19.02746 -18.98117
 -18.94011 -18.89113 -18.80943 -18.73106 -18.63516 -18.47329 -18.31395 -18.11324
 -15.44541 -15.44180 -15.43526 -15.41755 -15.39098 -15.34556 -15.24795 -15.15141
 -15.05202 -14.94345 -14.88684 -14.84829 -14.81488 -14.79545 -14.77710 -14.75062
 -14.72688 -14.69859 -14.65174 -14.60646 -14.54900 -14.44656 -14.34039 -14.19769
 -13.46493 -13.46256 -13.45820 -13.44628 -13.42821 -13.39659 -13.32569 -13.25251
 -13.17519 -13.08991 -13.04577 -13.01582 -12.98940 -12.97398 -12.96053 -12.94224
 -12.92420 -12.90251 -12.86767 -12.83392 -12.79127 -12.71529 -12.63535 -12.52498
 -11.96125 -11.95982 -11.95693 -11.94870 -11.93613 -11.91402 -11.86360 -11.81033
 -11.75277 -11.68765 -11.65321 -11.63024 -11.61124 -11.59997 -11.58930 -11.57418
 -11.56066 -11.54517 -11.51982 -11.49389 -11.46162 -11.40529 -11.34465 -11.26036
 -10.77429 -10.77347 -10.77144 -10.76553 -10.75709 -10.74279 -10.70974 -10.67297
 -10.63110 -10.58230 -10.55743 -10.54034 -10.52457 -10.51642 -10.50896 -10.49754
 -10.48778 -10.47634 -10.45719 -10.43853 -10.41511 -10.37339 -10.32878 -10.26644
 -10.16795 -10.16739 -10.16619 -10.16263 -10.15708 -10.14700 -10.12255 -10.09463
 -10.06247 -10.02378 -10.00138  -9.98589  -9.97417  -9.96761  -9.96107  -9.95161
  -9.94391  -9.93440  -9.91800  -9.90310  -9.88434  -9.85029  -9.81440  -9.76325
  -9.55320  -9.55284  -9.55196  -9.54935  -9.54543  -9.53855  -9.52225  -9.50346
  -9.48072  -9.45104  -9.43366  -9.42161  -9.41172  -9.40666  -9.40176  -9.39438
  -9.38878  -9.38204  -9.37008  -9.35881  -9.34414  -9.31694  -9.28828  -9.24763
  -9.04586  -9.04566  -9.04529  -9.04415  -9.04215  -9.03826  -9.02825  -9.01608
  -9.00087  -8.98053  -8.96808  -8.95918  -8.95176  -8.94746  -8.94389  -8.93943
  -8.93493  -8.92983  -8.92208  -8.91397  -8.90287  -8.88289  -8.86271  -8.83252
  -8.82347  -8.82335  -8.82321  -8.82269  -8.82133  -8.81828  -8.81047  -8.80153
  -8.79082  -8.77622  -8.76632  -8.75895  -8.75294  -8.74953  -8.74672  -8.74310
  -8.73918  -8.73460  -8.72782  -8.72131  -8.71269  -8.69651  -8.67866  -8.65218
  -8.65272  -8.65264  -8.65256  -8.65224  -8.65142  -8.64961  -8.64487  -8.63925
  -8.63215  -8.62183  -8.61478  -8.60962  -8.60524  -8.60226  -8.59957  -8.59642
  -8.59369  -8.59031  -8.58463  -8.57925  -8.57207  -8.55809  -8.54241  -8.51886
  -8.52059  -8.52055  -8.52042  -8.52009  -8.51968  -8.51899  -8.51706  -8.51413
  -8.50971  -8.50280  -8.49834  -8.49507  -8.49205  -8.48996  -8.48805  -8.48563
  -8.48333  -8.48066  -8.47605  -8.47075  -8.46431  -8.45318  -8.43967  -8.41860
  -8.45701  -8.45699  -8.45698  -8.45692  -8.45663  -8.45591  -8.45399  -8.45178
  -8.44906  -8.44499  -8.44182  -8.43932  -8.43709  -8.43536  -8.43364  -8.43157
  -8.42981  -8.42722  -8.42235  -8.41820  -8.41277  -8.40214  -8.39023  -8.37106
  -8.39417  -8.39416  -8.39416  -8.39414  -8.39399  -8.39356  -8.39241  -8.39109
  -8.38949  -8.38712  -8.38524  -8.38366  -8.38204  -8.38066  -8.37923  -8.37742
  -8.37584  -8.37363  -8.36949  -8.36578  -8.36126  -8.35264  -8.34205  -8.32487
  -8.34034  -8.34033  -8.34027  -8.34015  -8.34009  -8.34010  -8.34005  -8.33958
  -8.33844  -8.33656  -8.33594  -8.33549  -8.33424  -8.33298  -8.33189  -8.33065
  -8.32913  -8.32726  -8.32450  -8.32182  -8.31797  -8.31027  -8.30168  -8.28775
  -8.31595  -8.31594  -8.31591  -8.31582  -8.31579  -8.31581  -8.31581  -8.31549
  -8.31468  -8.31333  -8.31290  -8.31256  -8.31150  -8.31037  -8.30952  -8.30871
  -8.30732  -8.30571  -8.30346  -8.30083  -8.29722  -8.29060  -8.28311  -8.27097
  -8.29579  -8.29578  -8.29575  -8.29569  -8.29567  -8.29571  -8.29574  -8.29552
  -8.29490  -8.29389  -8.29368  -8.29338  -8.29249  -8.29205  -8.29138  -8.28992
  -8.28903  -8.28794  -8.28572  -8.28364  -8.28078  -8.27509  -8.26866  -8.25813
  -8.27800  -8.27800  -8.27803  -8.27810  -8.27808  -8.27791  -8.27748  -8.27712
  -8.27688  -8.27678  -8.27673  -8.27645  -8.27566  -8.27511  -8.27468  -8.27407
  -8.27321  -8.27200  -8.27005  -8.26838  -8.26614  -8.26154  -8.25610  -8.24731
  -8.26713  -8.26713  -8.26713  -8.26712  -8.26711  -8.26709  -8.26702  -8.26694
  -8.26682  -8.26671  -8.26670  -8.26646  -8.26571  -8.26520  -8.26479  -8.26410
  -8.26318  -8.26220  -8.26080  -8.25907  -8.25706  -8.25357  -8.24872  -8.24101
  -8.25499  -8.25499  -8.25500  -8.25500  -8.25499  -8.25497  -8.25490  -8.25482
  -8.25473  -8.25468  -8.25470  -8.25451  -8.25387  -8.25341  -8.25294  -8.25231
  -8.25200  -8.25144  -8.25007  -8.24892  -8.24741  -8.24406  -8.23982  -8.23327
  -8.24296  -8.24296  -8.24301  -8.24312  -8.24311  -8.24290  -8.24234  -8.24193
  -8.24171  -8.24169  -8.24160  -8.24174  -8.24211  -8.24177  -8.24120  -8.24057
  -8.24008  -8.23943  -8.23814  -8.23677  -8.23531  -8.23322  -8.23076  -8.22630
  -8.23609  -8.23609  -8.23618  -8.23636  -8.23634  -8.23600  -8.23511  -8.23445
  -8.23413  -8.23411  -8.23393  -8.23430  -8.23541  -8.23515  -8.23450  -8.23387
  -8.23315  -8.23240  -8.23119  -8.22958  -8.22811  -8.22697  -8.22577  -8.22274
  -8.22940  -8.22941  -8.22954  -8.22979  -8.22976  -8.22929  -8.22803  -8.22711
  -8.22667  -8.22665  -8.22638  -8.22699  -8.22887  -8.22870  -8.22798  -8.22733
  -8.22639  -8.22552  -8.22440  -8.22253  -8.22105  -8.22092  -8.22105  -8.21955
  -8.22232  -8.22233  -8.22250  -8.22283  -8.22280  -8.22217  -8.22050  -8.21928
  -8.21871  -8.21868  -8.21830  -8.21918  -8.22194  -8.22186  -8.22105  -8.22039
  -8.21919  -8.21820  -8.21717  -8.21502  -8.21352  -8.21455  -8.21619  -8.21641
---------------------/ IGRD= 1  / IPRT= 1  /--------/ Z1= 5   / DATE= 18/07/15
 -73.69897 -73.69897 -73.69897 -73.69897 -73.69897 -73.69897 -73.69897 -73.69897
 -73.69897 -73.69897 -73.69897 -73.69897 -73.69897 -73.69897 -73.69897 -73.69897
 -73.69897 -73.69897 -73.69897 -73.69897 -73.69897 -73.69897 -73.69897 -73.69897
 -73.69897 -73.69897 -73.69897 -73.69897 -73.69897 -73.69897 -73.69897 -73.69897
 -73.69897 -73.69897 -73.69897 -73.69897 -73.69897 -73.69897 -73.69897 -73.69897
 -73.69897 -73.69897 -73.69897 -73.69897 -73.69897 -73.69897 -73.69897 -73.69897
 -73.69897 -73.69897 -73.69897 -73.69897 -73.69897 -73.69897 -73.69897 -73.69897
 -73.69897 -73.69897 -73.69897 -73.69897 -73.69897 -73.69897 -73.69897 -73.69897
 -73.69897 -73.69897 -73.69897 -73.69897 -73.69897 -73.69897 -73.69897 -73.69897
 -66.42091 -66.12169 -65.84285 -65.49927 -65.25617 -65.02668 -64.74549 -64.55064
 -64.37122 -64.15537 -64.00631 -63.86585 -63.68373 -63.54550 -63.40442 -63.20778
 -63.05091 -62.88437 -62.63764 -62.42846 -62.19957 -61.86697 -61.59921 -61.32873
 -49.73866 -49.45972 -49.18074 -48.82174 -48.56641 -48.32982 -48.04551 -47.85133
 -47.67404 -47.46230 -47.31667 -47.18022 -47.00666 -46.87771 -46.74824 -46.57043
 -46.42955 -46.28112 -46.06577 -45.88558 -45.68903 -45.40294 -45.17043 -44.93262
 -36.88962 -36.64351 -36.37839 -36.02002 -35.75991 -35.51876 -35.23029 -35.03522
 -34.85916 -34.65124 -34.50930 -34.37755 -34.21423 -34.09532 -33.97758 -33.82003
 -33.69700 -33.56861 -33.38713 -33.23781 -33.07555 -32.83800 -32.63860 -32.42323
 -30.40957 -30.27510 -30.09842 -29.82039 -29.59424 -29.36808 -29.08317 -28.88693
 -28.71074 -28.50444 -28.36487 -28.23660 -28.07991 -27.96608 -27.85342 -27.70649
 -27.59391 -27.47726 -27.31419 -27.18144 -27.03856 -26.83225 -26.66062 -26.47590
 -23.42321 -23.39968 -23.35500 -23.24736 -23.12387 -22.97208 -22.75189 -22.58485
 -22.42498 -22.22928 -22.09527 -21.97288 -21.82337 -21.71603 -21.61154 -21.47600
 -21.37348 -21.26894 -21.12450 -21.00939 -20.88790 -20.71380 -20.57012 -20.41574
 -17.68022 -17.67783 -17.67208 -17.65441 -17.62903 -17.58931 -17.50980 -17.42871
 -17.33387 -17.19895 -17.09671 -16.99758 -16.87144 -16.77942 -16.68928 -16.57017
 -16.47998 -16.38911 -16.26453 -16.16615 -16.06333 -15.91727 -15.79688 -15.66693
 -15.18872 -15.18798 -15.18629 -15.18042 -15.17119 -15.15546 -15.12014 -15.07977
 -15.02755 -14.94432 -14.87451 -14.80195 -14.70425 -14.62926 -14.55345 -14.45191
 -14.37311 -14.29205 -14.18123 -14.09338 -14.00087 -13.86966 -13.76046 -13.63989
 -13.30789 -13.30799 -13.30803 -13.30661 -13.30315 -13.29632 -13.27978 -13.25988
 -13.23266 -13.18533 -13.14181 -13.09369 -13.02634 -12.97119 -12.91248 -12.83328
 -12.76950 -12.70094 -12.60646 -12.53080 -12.44959 -12.33182 -12.23233 -12.12034
 -11.84365 -11.84370 -11.84372 -11.84318 -11.84182 -11.83895 -11.83117 -11.82091
 -11.80606 -11.77908 -11.75352 -11.72407 -11.67949 -11.64185 -11.60126 -11.54318
 -11.49462 -11.44161 -11.36587 -11.30321 -11.23455 -11.13237 -11.04336 -10.94018
 -11.10591 -11.10593 -11.10591 -11.10557 -11.10480 -11.10320 -11.09875 -11.09272
 -11.08357 -11.06556 -11.04704 -11.02487 -10.99160 -10.96263 -10.93026 -10.88412
 -10.84495 -10.80094 -10.73605 -10.68158 -10.62137 -10.52948 -10.44739 -10.34986
 -10.35109 -10.35094 -10.35090 -10.35079 -10.35040 -10.34947 -10.34679 -10.34310
 -10.33745 -10.32624 -10.31462 -10.30049 -10.27843 -10.25861 -10.23593 -10.20242
 -10.17322 -10.13983 -10.08989 -10.04652  -9.99683  -9.91889  -9.84643  -9.75748
  -9.72125  -9.72137  -9.72150  -9.72141  -9.72089  -9.71988  -9.71799  -9.71622
  -9.71387  -9.70840  -9.70149  -9.69204  -9.67698  -9.66459  -9.65103  -9.62859
  -9.60815  -9.58479  -9.54809  -9.51559  -9.47788  -9.41549  -9.35511  -9.27830
  -9.44073  -9.44072  -9.44071  -9.44066  -9.44053  -9.44022  -9.43924  -9.43781
  -9.43555  -9.43097  -9.42615  -9.41990  -9.40874  -9.39840  -9.38677  -9.36927
  -9.35371  -9.33549  -9.30635  -9.27930  -9.24684  -9.19310  -9.13951  -9.06936
  -9.22183  -9.22184  -9.22185  -9.22181  -9.22168  -9.22141  -9.22076  -9.21990
  -9.21850  -9.21533  -9.21158  -9.20658  -9.19812  -9.19056  -9.18195  -9.16813
  -9.15532  -9.14028  -9.11679  -9.09479  -9.06750  -9.02092  -8.97409  -8.91169
  -9.04244  -9.04243  -9.04243  -9.04241  -9.04237  -9.04226  -9.04186  -9.04119
  -9.04008  -9.03768  -9.03498  -9.03141  -9.02542  -9.01975  -9.01292  -9.00191
  -8.99219  -8.98062  -8.96036  -8.94215  -8.92104  -8.88283  -8.84143  -8.78466
  -8.94740  -8.94755  -8.94778  -8.94776  -8.94717  -8.94606  -8.94454  -8.94392
  -8.94373  -8.94283  -8.94054  -8.93680  -8.93144  -8.92710  -8.92178  -8.91207
  -8.90383  -8.89488  -8.87841  -8.86183  -8.84198  -8.80935  -8.77299  -8.72079
  -8.84359  -8.84377  -8.84403  -8.84403  -8.84336  -8.84211  -8.84043  -8.83983
  -8.83986  -8.83948  -8.83778  -8.83470  -8.83010  -8.82646  -8.82270  -8.81730
  -8.81083  -8.80157  -8.78750  -8.77540  -8.76050  -8.73212  -8.70025  -8.65531
  -8.74901  -8.74902  -8.74906  -8.74915  -8.74924  -8.74935  -8.74949  -8.74956
  -8.74946  -8.74861  -8.74706  -8.74520  -8.74390  -8.74128  -8.73653  -8.73157
  -8.72774  -8.72214  -8.71145  -8.70058  -8.68716  -8.66448  -8.63953  -8.60285
  -8.71062  -8.71052  -8.71035  -8.71018  -8.71024  -8.71043  -8.71041  -8.70982
  -8.70874  -8.70735  -8.70695  -8.70667  -8.70397  -8.70119  -8.69876  -8.69520
  -8.69136  -8.68596  -8.67629  -8.66766  -8.65730  -8.63685  -8.61428  -8.58222
  -8.68333  -8.68297  -8.68229  -8.68133  -8.68092  -8.68088  -8.68101  -8.68092
  -8.68060  -8.68012  -8.67998  -8.67968  -8.67739  -8.67491  -8.67254  -8.66933
  -8.66581  -8.66091  -8.65315  -8.64625  -8.63757  -8.62054  -8.60120  -8.57291
  -8.66686  -8.66685  -8.66684  -8.66683  -8.66684  -8.66687  -8.66687  -8.66680
  -8.66667  -8.66649  -8.66641  -8.66605  -8.66400  -8.66187  -8.65974  -8.65652
  -8.65401  -8.65108  -8.64444  -8.63765  -8.62957  -8.61513  -8.59847  -8.57364
  -8.66372  -8.66373  -8.66375  -8.66380  -8.66385  -8.66391  -8.66390  -8.66377
  -8.66356  -8.66334  -8.66336  -8.66312  -8.66101  -8.65958  -8.65859  -8.65467
  -8.65143  -8.64889  -8.64365  -8.63818  -8.63138  -8.61839  -8.60308  -8.58035
  -8.66405  -8.66405  -8.66403  -8.66402  -8.66403  -8.66404  -8.66404  -8.66401
  -8.66396  -8.66399  -8.66415  -8.66393  -8.66163  -8.66030  -8.65992  -8.65729
  -8.65453  -8.65195  -8.64737  -8.64247  -8.63609  -8.62471  -8.61187  -8.59273
  -8.66917  -8.66914  -8.66911  -8.66910  -8.66919  -8.66933  -8.66932  -8.66899
  -8.66835  -8.66740  -8.66689  -8.66669  -8.66653  -8.66545  -8.66357  -8.66216
  -8.66093  -8.65855  -8.65402  -8.65043  -8.64623  -8.63622  -8.62523  -8.61041
  -8.67273  -8.67273  -8.67273  -8.67273  -8.67273  -8.67273  -8.67273  -8.67274
  -8.67278  -8.67302  -8.67342  -8.67336  -8.67080  -8.66956  -8.66975  -8.66762
  -8.66494  -8.66271  -8.66027  -8.65723  -8.65251  -8.64513  -8.63681  -8.62378
  -8.67725  -8.67728  -8.67733  -8.67734  -8.67723  -8.67706  -8.67707  -8.67749
  -8.67836  -8.68003  -8.68153  -8.68165  -8.67618  -8.67473  -8.67742  -8.67448
  -8.67007  -8.66800  -8.66801  -8.66551  -8.66004  -8.65564  -8.65034  -8.63914
  -8.68312  -8.68319  -8.68329  -8.68330  -8.68308  -8.68273  -8.68274  -8.68361
  -8.68540  -8.68868  -8.69142  -8.69177  -8.68307  -8.68137  -8.68687  -8.68312
  -8.67680  -8.67492  -8.67772  -8.67589  -8.66959  -8.66860  -8.66675  -8.65766
---------------------/ IGRD= 1  / IPRT= 1  /--------/ Z1= 6   / DATE= 18/07/15
 -74.00000 -74.00000 -74.00000 -74.00000 -74.00000 -74.00000 -74.00000 -74.00000
 -74.00000 -74.00000 -74.00000 -74.00000 -74.00000 -74.00000 -74.00000 -74.00000
 -74.00000 -74.00000 -74.00000 -74.00000 -74.00000 -74.00000 -74.00000 -74.00000
 -74.00000 -74.00000 -74.00000 -74.00000 -74.00000 -74.00000 -74.00000 -74.00000
 -74.00000 -74.00000 -74.00000 -74.00000 -74.00000 -74.00000 -74.00000 -74.00000
 -74.00000 -74.00000 -74.00000 -74.00000 -74.00000 -74.00000 -74.00000 -74.00000
 -74.00000 -74.00000 -74.00000 -74.00000 -74.00000 -74.00000 -74.00000 -74.00000
 -74.00000 -74.00000 -74.00000 -74.00000 -74.00000 -74.00000 -74.00000 -74.00000
 -74.00000 -74.00000 -74.00000 -74.00000 -74.00000 -74.00000 -74.00000 -74.00000
 -74.00000 -74.00000 -74.00000 -74.00000 -74.00000 -74.00000 -74.00000 -74.00000
 -74.00000 -74.00000 -74.00000 -74.00000 -74.00000 -74.00000 -74.00000 -74.00000
 -74.00000 -74.00000 -74.00000 -74.00000 -74.00000 -74.00000 -74.00000 -74.00000
 -74.00000 -74.00000 -74.00000 -74.00000 -74.00000 -74.00000 -74.00000 -74.00000
 -74.00000 -74.00000 -74.00000 -74.00000 -74.00000 -74.00000 -74.00000 -74.00000
 -74.00000 -74.00000 -74.00000 -74.00000 -74.00000 -74.00000 -74.00000 -74.00000
 -72.61491 -72.61491 -72.61491 -72.61491 -72.61491 -72.61491 -72.61492 -72.61493
 -72.61495 -72.61498 -72.61502 -72.61506 -72.61515 -72.61522 -72.61531 -72.61546
 -72.61560 -72.61577 -72.61609 -72.61644 -72.61693 -72.61801 -72.61917 -72.62049
 -71.46344 -71.46344 -71.46344 -71.46343 -71.46343 -71.46342 -71.46339 -71.46336
 -71.46331 -71.46320 -71.46308 -71.46292 -71.46264 -71.46239 -71.46211 -71.46163
 -71.46116 -71.46058 -71.45953 -71.45839 -71.45676 -71.45320 -71.44940 -71.44503
 -72.26622 -72.26622 -72.26622 -72.26622 -72.26623 -72.26625 -72.26630 -72.26636
 -72.26645 -72.26665 -72.26687 -72.26717 -72.26768 -72.26814 -72.26865 -72.26955
 -72.27041 -72.27148 -72.27343 -72.27552 -72.27853 -72.28510 -72.29211 -72.30015
 -58.95383 -58.95295 -58.95209 -58.95090 -58.94695 -58.93583 -58.90270 -58.86459
 -58.82177 -58.76910 -58.71728 -58.62253 -58.37635 -58.17925 -58.07107 -57.96687
 -57.87786 -57.78145 -57.64545 -57.53119 -57.39702 -57.16741 -56.93630 -56.64603
 -44.65355 -44.65346 -44.65338 -44.65319 -44.65268 -44.65147 -44.64808 -44.64333
 -44.63556 -44.61830 -44.60012 -44.58036 -44.55828 -44.53890 -44.50900 -44.45995
 -44.41821 -44.37112 -44.29574 -44.22346 -44.13008 -43.95078 -43.75420 -43.49530
 -34.55996 -34.56000 -34.56005 -34.56001 -34.55967 -34.55880 -34.55641 -34.55317
 -34.54812 -34.53759 -34.52590 -34.51025 -34.48229 -34.45693 -34.42978 -34.38996
 -34.35499 -34.31379 -34.24725 -34.18335 -34.09966 -33.93773 -33.75593 -33.51014
 -26.42748 -26.42750 -26.42747 -26.42738 -26.42723 -26.42697 -26.42632 -26.42534
 -26.42357 -26.41942 -26.41443 -26.40743 -26.39465 -26.38409 -26.37366 -26.35577
 -26.33818 -26.31695 -26.28021 -26.24303 -26.19220 -26.08327 -25.94790 -25.74966
 -22.34689 -22.34687 -22.34684 -22.34684 -22.34683 -22.34671 -22.34621 -22.34542
 -22.34415 -22.34148 -22.33850 -22.33451 -22.32744 -22.32095 -22.31359 -22.30172
 -22.29059 -22.27695 -22.25287 -22.22745 -22.19114 -22.11145 -22.00728 -21.84452
 -18.25768 -18.25768 -18.25768 -18.25767 -18.25765 -18.25760 -18.25741 -18.25707
 -18.25640 -18.25479 -18.25292 -18.25044 -18.24612 -18.24196 -18.23690 -18.22852
 -18.22090 -18.21189 -18.19582 -18.17876 -18.15434 -18.09959 -18.02685 -17.90810
 -14.92562 -14.92565 -14.92571 -14.92572 -14.92569 -14.92569 -14.92579 -14.92579
 -14.92549 -14.92430 -14.92287 -14.92123 -14.91900 -14.91663 -14.91311 -14.90742
 -14.90218 -14.89568 -14.88476 -14.87353 -14.85778 -14.82413 -14.77860 -14.70142
 -13.46509 -13.46518 -13.46519 -13.46510 -13.46502 -13.46503 -13.46530 -13.46548
 -13.46525 -13.46385 -13.46224 -13.46080 -13.45986 -13.45849 -13.45543 -13.45100
 -13.44689 -13.44115 -13.43198 -13.42330 -13.41163 -13.38751 -13.35379 -13.29518
 -12.34267 -12.34267 -12.34263 -12.34259 -12.34258 -12.34260 -12.34269 -12.34274
 -12.34270 -12.34241 -12.34192 -12.34114 -12.33956 -12.33786 -12.33573 -12.33256
 -12.32971 -12.32609 -12.31966 -12.31374 -12.30605 -12.28711 -12.26162 -12.22035
 -11.44406 -11.44407 -11.44414 -11.44420 -11.44421 -11.44420 -11.44422 -11.44423
 -11.44417 -11.44393 -11.44358 -11.44302 -11.44196 -11.44116 -11.44031 -11.43777
 -11.43505 -11.43239 -11.42870 -11.42477 -11.41870 -11.40576 -11.38920 -11.36184
 -10.98156 -10.98160 -10.98164 -10.98172 -10.98176 -10.98173 -10.98154 -10.98140
 -10.98145 -10.98205 -10.98244 -10.98201 -10.97938 -10.97787 -10.97794 -10.97562
 -10.97338 -10.97284 -10.97061 -10.96656 -10.96087 -10.95105 -10.93870 -10.91770
 -10.50291 -10.50295 -10.50295 -10.50291 -10.50288 -10.50288 -10.50297 -10.50303
 -10.50299 -10.50262 -10.50218 -10.50176 -10.50143 -10.50105 -10.50027 -10.49901
 -10.49771 -10.49604 -10.49427 -10.49241 -10.48900 -10.48228 -10.47405 -10.46072
 -10.10108 -10.10110 -10.10108 -10.10105 -10.10104 -10.10105 -10.10108 -10.10111
 -10.10109 -10.10095 -10.10079 -10.10067 -10.10065 -10.10039 -10.09977 -10.09921
 -10.09889 -10.09812 -10.09589 -10.09410 -10.09265 -10.08881 -10.08400 -10.07706
  -9.92119  -9.92120  -9.92118  -9.92117  -9.92117  -9.92117  -9.92117  -9.92117
  -9.92117  -9.92119  -9.92121  -9.92123  -9.92126  -9.92140  -9.92155  -9.92091
  -9.92072  -9.92110  -9.91888  -9.91692  -9.91660  -9.91354  -9.90959  -9.90519
  -9.78637  -9.78638  -9.78637  -9.78637  -9.78638  -9.78638  -9.78635  -9.78633
  -9.78634  -9.78647  -9.78655  -9.78648  -9.78604  -9.78603  -9.78631  -9.78452
  -9.78286  -9.78276  -9.78328  -9.78274  -9.78094  -9.77803  -9.77588  -9.77303
  -9.68341  -9.68342  -9.68343  -9.68346  -9.68348  -9.68347  -9.68335  -9.68327
  -9.68332  -9.68377  -9.68408  -9.68387  -9.68222  -9.68120  -9.68136  -9.68136
  -9.68128  -9.68143  -9.68004  -9.67893  -9.67893  -9.67762  -9.67582  -9.67397
  -9.63732  -9.63734  -9.63733  -9.63731  -9.63730  -9.63729  -9.63728  -9.63728
  -9.63728  -9.63730  -9.63731  -9.63730  -9.63719  -9.63660  -9.63555  -9.63524
  -9.63555  -9.63552  -9.63517  -9.63470  -9.63394  -9.63218  -9.63055  -9.62891
  -9.59852  -9.59853  -9.59851  -9.59852  -9.59855  -9.59858  -9.59860  -9.59860
  -9.59860  -9.59860  -9.59860  -9.59860  -9.59859  -9.59868  -9.59869  -9.59753
  -9.59661  -9.59664  -9.59708  -9.59663  -9.59537  -9.59474  -9.59458  -9.59339
  -9.57723  -9.57732  -9.57726  -9.57675  -9.57613  -9.57556  -9.57519  -9.57522
  -9.57534  -9.57544  -9.57543  -9.57540  -9.57541  -9.57541  -9.57537  -9.57534
  -9.57492  -9.57403  -9.57359  -9.57374  -9.57363  -9.57271  -9.57163  -9.57055
  -9.57714  -9.57720  -9.57716  -9.57682  -9.57640  -9.57597  -9.57561  -9.57550
  -9.57548  -9.57551  -9.57553  -9.57552  -9.57543  -9.57554  -9.57570  -9.57459
  -9.57370  -9.57391  -9.57443  -9.57388  -9.57255  -9.57227  -9.57240  -9.57139
  -9.58674  -9.58669  -9.58672  -9.58697  -9.58720  -9.58724  -9.58672  -9.58601
  -9.58532  -9.58487  -9.58488  -9.58502  -9.58512  -9.58506  -9.58500  -9.58540
  -9.58565  -9.58549  -9.58556  -9.58529  -9.58431  -9.58382  -9.58360  -9.58259
  -9.60198  -9.60180  -9.60191  -9.60289  -9.60391  -9.60452  -9.60381  -9.60234
  -9.60082  -9.59976  -9.59976  -9.60008  -9.60044  -9.60013  -9.59975  -9.60231
  -9.60411  -9.60329  -9.60259  -9.60279  -9.60250  -9.60161  -9.60071  -9.59968
---------------------/ IGRD= 1  / IPRT= 1  /--------/ Z1= 7   / DATE= 18/07/15
 -74.00000 -74.00000 -74.00000 -74.00000 -74.00000 -74.00000 -74.00000 -74.00000
 -74.00000 -74.00000 -74.00000 -74.00000 -74.00000 -74.00000 -74.00000 -74.00000
 -74.00000 -74.00000 -74.00000 -74.00000 -74.00000 -74.00000 -74.00000 -74.00000
 -74.00000 -74.00000 -74.00000 -74.00000 -74.00000 -74.00000 -74.00000 -74.00000
 -74.00000 -74.00000 -74.00000 -74.00000 -74.00000 -74.00000 -74.00000 -74.00000
 -74.00000 -74.00000 -74.00000 -74.00000 -74.00000 -74.00000 -74.00000 -74.00000
 -74.00000 -74.00000 -74.00000 -74.00000 -74.00000 -74.00000 -74.00000 -74.00000
 -74.00000 -74.00000 -74.00000 -74.00000 -74.00000 -74.00000 -74.00000 -74.00000
 -74.00000 -74.00000 -74.00000 -74.00000 -74.00000 -74.00000 -74.00000 -74.00000
 -74.00000 -74.00000 -74.00000 -74.00000 -74.00000 -74.00000 -74.00000 -74.00000
 -74.00000 -74.00000 -74.00000 -74.00000 -74.00000 -74.00000 -74.00000 -74.00000
 -74.00000 -74.00000 -74.00000 -74.00000 -74.00000 -74.00000 -74.00000 -74.00000
 -74.00000 -74.00000 -74.00000 -74.00000 -74.00000 -74.00000 -74.00000 -74.00000
 -74.00000 -74.00000 -74.00000 -74.00000 -74.00000 -74.00000 -74.00000 -74.00000
 -74.00000 -74.00000 -74.00000 -74.00000 -74.00000 -74.00000 -74.00000 -74.00000
 -74.00000 -74.00000 -74.00000 -74.00000 -74.00000 -74.00000 -74.00000 -74.00000
 -74.00000 -74.00000 -74.00000 -74.00000 -74.00000 -74.00000 -74.00000 -74.00000
 -74.00000 -74.00000 -74.00000 -74.00000 -74.00000 -74.00000 -74.00000 -74.00000
 -73.04300 -73.04301 -73.04301 -73.04302 -73.04303 -73.04304 -73.04307 -73.04312
 -73.04322 -73.04344 -73.04370 -73.04404 -73.04461 -73.04512 -73.04570 -73.04654
 -73.04722 -73.04794 -73.04898 -73.04981 -73.05069 -73.05200 -73.05308 -73.05422
 -72.13227 -72.13227 -72.13228 -72.13228 -72.13229 -72.13229 -72.13231 -72.13235
 -72.13241 -72.13254 -72.13270 -72.13290 -72.13325 -72.13357 -72.13392 -72.13443
 -72.13485 -72.13529 -72.13592 -72.13643 -72.13697 -72.13777 -72.13843 -72.13913
 -66.94050 -66.94040 -66.94019 -66.93984 -66.93962 -66.93935 -66.93824 -66.93626
 -66.93278 -66.92497 -66.91594 -66.90389 -66.88363 -66.86533 -66.84482 -66.81503
 -66.79080 -66.76509 -66.72819 -66.69844 -66.66696 -66.62036 -66.58191 -66.54124
 -52.21673 -52.21657 -52.21622 -52.21562 -52.21520 -52.21459 -52.21210 -52.20779
 -52.20026 -52.18314 -52.16304 -52.13588 -52.08957 -52.04712 -51.99917 -51.92981
 -51.87265 -51.81097 -51.72299 -51.65149 -51.57492 -51.46345 -51.37148 -51.27289
 -39.65149 -39.65151 -39.65155 -39.65152 -39.65135 -39.65090 -39.64936 -39.64705
 -39.64316 -39.63388 -39.62238 -39.60622 -39.57758 -39.55044 -39.51904 -39.47273
 -39.43324 -39.38942 -39.32689 -39.27521 -39.21880 -39.13802 -39.07151 -38.99921
 -29.95283 -29.95286 -29.95290 -29.95290 -29.95280 -29.95250 -29.95150 -29.95003
 -29.94750 -29.94108 -29.93277 -29.92084 -29.89963 -29.87966 -29.85620 -29.81918
 -29.78742 -29.75289 -29.70170 -29.65899 -29.61275 -29.54419 -29.48754 -29.42692
 -25.05966 -25.05966 -25.05967 -25.05967 -25.05966 -25.05960 -25.05918 -25.05840
 -25.05687 -25.05258 -25.04672 -25.03812 -25.02254 -25.00764 -24.98990 -24.96137
 -24.93670 -24.90972 -24.86894 -24.83422 -24.79626 -24.73997 -24.69292 -24.64180
 -20.15100 -20.15101 -20.15103 -20.15103 -20.15099 -20.15087 -20.15048 -20.14994
 -20.14898 -20.14643 -20.14301 -20.13789 -20.12808 -20.11803 -20.10565 -20.08614
 -20.06885 -20.04913 -20.01932 -19.99362 -19.96488 -19.92214 -19.88634 -19.84698
 -16.19031 -16.19032 -16.19035 -16.19036 -16.19029 -16.19014 -16.18992 -16.18980
 -16.18965 -16.18883 -16.18727 -16.18454 -16.17870 -16.17226 -16.16413 -16.15165
 -16.14060 -16.12782 -16.10859 -16.09140 -16.07150 -16.04237 -16.01724 -15.98828
 -14.47277 -14.47278 -14.47279 -14.47279 -14.47276 -14.47273 -14.47274 -14.47288
 -14.47306 -14.47285 -14.47195 -14.47011 -14.46596 -14.46133 -14.45546 -14.44644
 -14.43828 -14.42862 -14.41386 -14.40049 -14.38489 -14.36202 -14.34246 -14.32008
 -13.17129 -13.17128 -13.17124 -13.17124 -13.17131 -13.17143 -13.17144 -13.17114
 -13.17051 -13.16934 -13.16834 -13.16721 -13.16498 -13.16229 -13.15852 -13.15201
 -13.14600 -13.13881 -13.12678 -13.11677 -13.10616 -13.08819 -13.07267 -13.05616
 -12.13880 -12.13880 -12.13879 -12.13879 -12.13880 -12.13883 -12.13883 -12.13879
 -12.13868 -12.13841 -12.13811 -12.13759 -12.13603 -12.13373 -12.13054 -12.12610
 -12.12205 -12.11681 -12.10862 -12.10175 -12.09398 -12.08076 -12.06932 -12.05701
 -11.61318 -11.61319 -11.61319 -11.61320 -11.61318 -11.61315 -11.61314 -11.61321
 -11.61333 -11.61336 -11.61310 -11.61251 -11.61119 -11.60975 -11.60778 -11.60373
 -11.60011 -11.59633 -11.59017 -11.58473 -11.57854 -11.56774 -11.55838 -11.54844
 -11.07787 -11.07787 -11.07787 -11.07787 -11.07788 -11.07789 -11.07789 -11.07786
 -11.07778 -11.07754 -11.07723 -11.07678 -11.07591 -11.07498 -11.07366 -11.07080
 -11.06826 -11.06566 -11.06108 -11.05683 -11.05210 -11.04453 -11.03753 -11.02935
 -10.63621 -10.63621 -10.63621 -10.63621 -10.63621 -10.63622 -10.63623 -10.63620
 -10.63616 -10.63619 -10.63636 -10.63659 -10.63648 -10.63565 -10.63425 -10.63256
 -10.63074 -10.62801 -10.62451 -10.62225 -10.61975 -10.61422 -10.60907 -10.60354
 -10.44328 -10.44329 -10.44329 -10.44329 -10.44328 -10.44326 -10.44326 -10.44330
 -10.44337 -10.44337 -10.44320 -10.44285 -10.44222 -10.44171 -10.44104 -10.43928
 -10.43779 -10.43643 -10.43372 -10.43127 -10.42881 -10.42479 -10.42060 -10.41533
 -10.29638 -10.29638 -10.29638 -10.29638 -10.29638 -10.29638 -10.29638 -10.29637
 -10.29636 -10.29636 -10.29640 -10.29643 -10.29624 -10.29575 -10.29497 -10.29400
 -10.29313 -10.29184 -10.28933 -10.28723 -10.28506 -10.28124 -10.27794 -10.27446
 -10.18448 -10.18448 -10.18448 -10.18448 -10.18448 -10.18450 -10.18450 -10.18447
 -10.18441 -10.18441 -10.18453 -10.18472 -10.18471 -10.18420 -10.18335 -10.18270
 -10.18211 -10.18094 -10.17895 -10.17747 -10.17591 -10.17267 -10.16994 -10.16724
 -10.12912 -10.12912 -10.12912 -10.12912 -10.12912 -10.12911 -10.12911 -10.12912
 -10.12914 -10.12914 -10.12910 -10.12901 -10.12878 -10.12851 -10.12811 -10.12728
 -10.12662 -10.12592 -10.12431 -10.12290 -10.12150 -10.11868 -10.11629 -10.11390
 -10.07128 -10.07128 -10.07128 -10.07128 -10.07127 -10.07127 -10.07127 -10.07128
 -10.07129 -10.07129 -10.07126 -10.07119 -10.07097 -10.07067 -10.07033 -10.07007
 -10.06955 -10.06854 -10.06737 -10.06642 -10.06512 -10.06308 -10.06109 -10.05857
 -10.02068 -10.02068 -10.02068 -10.02068 -10.02068 -10.02068 -10.02068 -10.02068
 -10.02068 -10.02068 -10.02068 -10.02067 -10.02055 -10.02032 -10.01999 -10.01960
 -10.01924 -10.01866 -10.01753 -10.01706 -10.01686 -10.01456 -10.01185 -10.00957
  -9.99537  -9.99537  -9.99537  -9.99537  -9.99537  -9.99537  -9.99537  -9.99536
  -9.99535  -9.99535  -9.99538  -9.99544  -9.99546  -9.99536  -9.99516  -9.99497
  -9.99473  -9.99433  -9.99393  -9.99351  -9.99273  -9.99111  -9.98850  -9.98539
  -9.97352  -9.97352  -9.97352  -9.97352  -9.97352  -9.97351  -9.97351  -9.97352
  -9.97352  -9.97352  -9.97351  -9.97350  -9.97349  -9.97351  -9.97356  -9.97368
  -9.97365  -9.97370  -9.97462  -9.97324  -9.96968  -9.96939  -9.96974  -9.96774
  -9.95565  -9.95565  -9.95565  -9.95565  -9.95565  -9.95565  -9.95565  -9.95565
  -9.95564  -9.95564  -9.95565  -9.95568  -9.95569  -9.95565  -9.95558  -9.95554
  -9.95542  -9.95526  -9.95544  -9.95475  -9.95283  -9.95095  -9.95166  -9.95335
C-------------------------------------------------------------------------------
C
C     RATE COEFFICIENTS IN UNITS OF CM**3 S-1 
C     --------------------------------------- 
C
C     INPUT DATA
C         FOR YEAR: 96 AND WITH PREFIX: pj 
C         FOR N  RECOMBINING ION CHARGE(S)  1 TO  7
C
C     CODE     : ADAS404
C     PRODUCER : Martin O'Mullane              
C     DATE     : 18/07/15
C
C-------------------------------------------------------------------------------
C
C  Re-run because of un-physical excitation rate in N2+ adf04 file.
C
C  PRODUCER : Martin O'Mullane              
C  DATE     : 18-07-2015
C
C-------------------------------------------------------------------------------

C-----------------------------------------------------------------------
C                               OPEN-ADAS
C                               +++++++++
C
C This file has been downloaded from OPEN-ADAS (http://open.adas.ac.uk)
C on 13-Jul-2017.
C
C TERMS AND CONDITIONS
C --------------------
C
C The user of the OPEN-ADAS system and data (hereinafter "the User")
C accepts the following terms and conditions:
C
C   1. The University of Strathclyde uses all reasonable endeavours to
C      ensure the accuracy of the data provided and any information
C      given, but the University makes no warranty, expressed or implied
C      as to its accuracy, integrity, fitness for purpose and shall not
C      be responsible for the use to which the data is put by the User
C      and/or any consequences arising out of any inaccuracies or
C      omissions.
C
C   2. Any downloaded OPEN-ADAS file is made available for the
C      personal use of the User only.  It must not be used for any
C      commercial application, incorporated into any web site or in
C      any form re-distributed without express prior written permission
C      from the ADAS Project. In particular, but not by way of
C      limitation, it must not be:
C        *  inserted into a managed database structure,
C        *  redistributed along with a modelling or analysis code,
C        *  made available on a public website.
C
C Permission for OPEN-ADAS data incorporation in non-commercial
C code/system development for scientific advance will not be
C unreasonably withheld, but will be subject to written agreement
C on a case by case basis.
C
C The User will indemnify the University of Strathclyde and keep it
C fully and effectively indemnified against each and every claim made
C against the University as a result of the User's use of the data.
C
C-----------------------------------------------------------------------
